50 50
2 38 40 4
1 14 19 46
1 14 25 46
1 28 35 39
2 29 41 4
2 7 10 22
1 50 50 8
1 42 43 26
1 30 37 45
1 28 43 45
1 39 45 34
2 30 32 28
2 49 50 8
2 1 45 1
2 5 42 1
1 13 32 49
1 44 50 42
2 16 25 1
1 22 39 49
1 10 19 50
1 49 50 27
1 25 50 49
1 47 50 42
1 46 49 42
2 5 43 1
1 48 48 42
2 8 20 1
2 15 21 1
1 42 45 26
2 10 12 40
2 32 32 32
1 45 48 42
2 11 46 1
1 47 47 5
1 30 38 45
1 37 46 35
2 26 42 4
2 49 50 8
2 46 49 5
1 48 50 42
2 34 43 4
1 41 48 42
1 3 12 50
1 16 24 43
2 32 40 4
1 11 24 50
2 11 11 44
1 29 31 31
1 26 36 49
1 29 46 45
