00 00 00 00 00 00 00 00 00 00 00 00 00 00 00 00 00 00 00 00 00 00 00 00 00 00 00 00 00 00 00 00 00 00 00 00 00 00 00 00 00 00 00 00 00 00 00 00 00 00 00 00 00 00 00 00 00 00 00 00 00 00 00 00 00 00 00 00 00 00 00 00 00 00 00 00 00 00 00 00 00 00 00 00 00 00 00 00 00 00 00 00 00 00 00 00 00 00 00 00 
00 00 00 00 00 00 02 02 02 02 02 02 02 02 02 02 02 02 02 02 02 02 02 02 02 02 02 02 02 02 02 02 02 02 02 02 02 02 02 02 02 02 02 04 04 04 04 04 04 04 04 04 04 04 04 04 04 04 04 04 04 04 04 04 04 04 04 04 04 04 04 04 04 04 04 04 04 04 04 04 04 04 04 04 04 04 04 04 04 04 04 04 04 02 02 00 00 00 00 00 
00 00 00 00 00 00 02 02 02 02 02 02 02 02 02 02 02 02 02 02 02 02 02 02 02 02 02 02 02 02 02 02 02 02 02 02 02 02 02 02 02 02 02 04 04 04 04 04 04 04 04 04 04 04 04 04 04 04 04 04 04 04 04 04 04 04 04 04 04 04 04 04 04 04 04 04 04 04 04 04 04 04 04 04 04 04 04 04 04 04 04 04 04 02 02 00 00 00 00 00 
00 00 00 00 00 00 02 02 02 02 02 02 02 02 02 02 02 02 02 02 02 02 02 02 02 02 02 02 02 02 02 02 02 02 02 02 02 02 02 02 02 02 02 04 04 04 04 04 04 04 04 04 04 04 04 04 04 04 04 04 04 04 04 04 04 04 04 04 04 04 04 04 04 04 04 04 04 04 04 04 04 04 04 04 04 04 04 04 04 04 04 04 04 02 02 00 00 00 00 00 
00 00 00 00 00 00 02 02 02 02 02 02 02 02 02 02 02 02 02 02 02 02 02 02 02 02 02 02 02 02 02 02 02 02 02 02 02 02 02 02 02 02 02 04 04 04 04 04 04 04 04 04 04 04 04 04 04 04 04 04 04 04 04 04 04 04 04 04 04 04 04 04 04 04 04 04 04 04 04 04 04 04 04 04 04 04 04 04 04 04 04 04 04 02 02 00 00 00 00 00 
00 02 07 07 07 07 09 09 09 09 09 09 09 09 09 09 09 09 09 09 09 09 09 09 09 09 09 09 09 09 09 09 09 09 09 09 09 09 09 09 09 09 09 11 11 11 11 11 11 11 11 11 11 11 11 11 12 12 12 12 17 17 17 17 17 17 17 17 17 17 17 17 17 17 17 17 17 17 17 17 17 17 17 17 12 12 12 09 09 09 09 09 09 07 07 05 00 00 00 00 
00 02 07 07 07 07 09 09 09 09 09 09 09 09 09 09 09 09 09 09 09 09 09 09 09 09 09 09 09 09 09 09 09 09 09 09 09 09 09 09 09 11 11 13 13 13 13 13 13 13 18 18 18 18 18 18 19 19 19 19 24 19 19 19 19 19 19 19 19 19 19 19 19 19 19 19 19 19 19 19 19 19 19 17 12 12 12 09 09 09 09 09 09 07 07 05 00 00 00 00 
00 02 07 07 07 07 09 09 09 09 09 09 09 09 09 09 09 09 09 09 09 09 09 09 09 09 09 09 09 09 09 09 09 09 09 09 09 09 09 09 09 11 11 13 13 13 13 13 13 13 18 18 18 18 18 18 19 19 19 19 24 19 19 19 19 19 19 19 19 19 19 19 19 19 19 19 19 19 19 19 19 19 19 17 12 12 12 09 09 09 09 09 09 07 07 05 00 00 00 00 
00 02 07 07 07 07 09 09 09 09 09 09 09 09 09 09 09 09 09 09 09 09 09 09 09 09 09 09 09 09 09 09 09 09 09 09 09 10 10 10 10 12 12 14 14 14 14 14 14 14 19 19 19 19 19 19 20 20 20 20 25 19 19 19 19 19 19 19 19 19 19 19 19 19 19 19 19 19 19 19 19 19 19 17 12 12 12 09 09 09 09 09 09 07 07 05 00 00 00 00 
00 02 07 07 07 07 09 09 09 09 09 09 09 09 09 09 09 09 09 09 09 09 09 11 11 11 11 11 11 11 11 15 15 15 15 15 15 16 16 16 16 18 18 20 20 20 20 20 20 20 25 25 25 25 25 25 26 26 26 26 31 25 25 23 23 23 23 23 23 23 23 23 23 23 23 23 23 23 23 23 23 23 23 21 16 16 16 09 09 09 09 09 09 07 07 05 00 00 00 00 
00 02 07 07 07 07 09 09 09 09 09 09 09 09 09 09 09 09 09 09 09 09 09 11 11 11 11 11 11 11 11 15 15 15 15 15 15 16 16 16 16 18 18 20 20 20 20 20 20 20 25 25 25 25 25 25 26 26 26 26 31 25 25 23 23 23 23 23 23 23 23 23 23 23 23 23 23 23 23 23 23 23 23 21 16 16 16 09 09 09 09 09 09 07 07 05 00 00 00 00 
00 02 07 11 11 11 13 13 13 13 13 13 13 13 14 14 14 14 14 14 14 14 14 16 16 16 16 16 16 16 16 20 20 20 20 20 20 21 21 21 21 23 23 25 25 25 25 25 25 25 30 30 30 30 30 30 31 31 31 31 36 30 30 28 28 28 28 28 28 28 28 28 28 28 28 28 28 28 28 28 28 28 28 26 21 21 21 14 14 10 10 10 10 08 08 06 01 01 01 00 
00 04 09 13 13 13 15 15 15 15 15 15 15 15 16 16 16 16 16 16 16 16 16 20 20 20 20 20 20 20 20 24 24 24 24 24 27 28 28 28 28 30 33 35 35 35 35 35 35 35 40 40 40 40 40 40 41 41 41 41 46 40 40 38 38 38 35 35 35 35 35 35 35 35 35 35 35 35 35 35 35 35 35 31 26 23 23 16 16 12 12 12 12 10 10 08 03 01 01 00 
00 04 09 13 13 13 13 13 13 13 13 13 13 13 14 14 14 14 14 14 14 14 14 18 18 18 18 18 18 18 18 22 22 22 22 22 25 26 26 26 26 28 31 33 33 33 33 33 33 33 38 38 38 38 38 38 39 39 39 39 44 38 38 36 36 36 33 33 33 33 33 33 33 33 33 33 33 33 33 33 33 33 33 29 24 21 21 14 14 10 10 10 10 10 10 08 03 01 01 00 
00 04 09 13 13 13 13 13 13 13 13 13 13 13 14 14 14 14 14 14 14 14 14 18 18 18 18 18 18 18 18 22 22 22 22 22 25 26 26 26 26 28 31 33 33 33 33 33 33 33 38 38 38 38 38 38 39 39 39 39 44 38 38 36 36 36 33 33 33 33 33 33 33 33 33 33 33 33 33 33 33 33 33 29 24 21 21 14 14 10 10 10 10 10 10 08 03 01 01 00 
00 04 09 13 13 13 13 13 13 13 13 13 13 13 14 14 14 14 14 14 14 14 14 18 18 18 18 18 18 18 18 22 22 22 22 22 25 26 26 26 26 28 31 33 33 38 38 38 38 38 43 43 43 43 43 43 39 39 39 39 44 38 38 36 36 36 33 33 33 33 33 33 33 33 33 33 33 33 33 33 33 33 33 29 24 21 21 14 14 10 10 10 10 10 10 08 03 01 01 00 
00 04 09 13 13 13 13 13 13 13 13 13 13 13 14 14 14 14 14 14 14 14 14 18 18 18 18 18 18 18 18 22 27 27 27 27 30 31 31 31 31 33 36 38 38 43 43 43 48 48 48 48 48 48 48 48 44 44 44 44 49 43 47 45 45 45 42 42 42 42 42 42 42 42 42 42 42 42 42 42 42 42 42 38 33 30 30 23 23 19 19 19 19 19 19 17 08 06 06 00 
00 04 09 13 13 13 13 13 13 13 13 13 13 13 14 14 14 14 14 14 14 14 14 18 18 18 18 18 18 18 18 22 27 27 27 27 30 31 31 31 31 33 36 38 38 43 43 43 48 48 48 48 48 48 48 48 44 44 44 44 49 43 47 45 45 45 42 42 42 42 42 42 42 42 42 42 42 42 42 42 42 42 42 38 33 30 30 23 23 19 19 19 19 19 19 17 08 06 06 00 
00 04 09 13 13 13 13 13 13 13 13 13 13 13 14 14 14 14 14 14 14 14 14 18 18 18 18 18 18 18 18 22 27 27 27 27 30 31 31 31 31 33 36 38 38 43 43 43 48 48 48 48 48 48 48 48 44 44 44 44 49 43 47 45 45 45 42 42 42 42 42 42 42 42 42 42 42 42 42 42 42 42 42 38 33 30 30 23 23 19 19 19 19 19 19 17 08 06 06 00 
00 04 09 13 13 13 13 13 13 13 13 13 13 13 14 14 14 14 14 14 14 14 14 22 22 22 22 22 22 22 22 26 31 31 31 31 34 35 35 35 35 37 40 42 42 47 47 47 52 52 52 52 54 54 54 54 50 50 50 50 55 49 53 51 51 51 48 48 48 48 48 48 48 48 48 48 48 48 48 48 48 48 48 44 39 34 34 27 27 23 23 23 23 23 23 21 08 06 06 00 
00 04 09 13 13 13 13 13 13 13 13 13 13 13 14 14 14 14 14 14 14 14 14 22 22 22 22 22 22 22 22 26 31 31 31 31 34 35 35 35 35 37 40 42 42 47 47 47 52 52 52 52 54 54 54 54 50 50 50 50 55 49 53 51 51 51 48 48 48 48 48 48 48 48 48 48 48 48 48 48 48 48 48 44 39 34 34 27 27 23 23 23 23 23 23 21 08 06 06 00 
00 04 09 13 13 13 13 13 13 13 13 13 17 17 18 18 18 18 18 18 18 18 18 26 26 26 26 26 26 22 22 26 31 31 31 31 34 35 35 35 35 37 40 42 42 47 47 47 52 52 52 52 54 54 54 54 50 50 50 50 55 49 53 51 51 51 48 48 48 48 48 48 48 48 48 48 48 48 48 48 48 48 48 44 39 34 34 27 27 23 23 23 23 23 23 21 08 06 06 00 
00 04 09 13 13 13 13 13 13 13 13 13 17 17 18 18 18 18 18 18 18 18 18 26 26 26 26 26 26 22 22 30 35 35 35 35 38 39 39 39 39 41 44 46 46 51 47 47 52 52 52 52 54 54 54 54 50 50 50 50 55 49 53 51 51 51 48 48 48 48 48 48 48 48 48 48 48 48 48 48 48 48 48 44 39 34 34 27 27 23 23 23 23 23 23 21 08 06 06 00 
00 04 09 13 13 13 13 13 13 13 13 15 19 19 20 20 20 20 20 20 20 20 20 28 28 28 28 28 28 24 24 32 37 37 37 37 40 41 41 41 41 43 46 48 48 53 49 49 54 54 54 54 56 54 54 54 50 50 50 50 55 49 53 51 51 51 48 48 48 48 48 48 48 48 48 48 48 48 48 48 48 48 48 44 39 34 34 27 27 23 23 23 23 23 23 21 08 06 06 00 
00 04 09 13 13 13 13 13 13 13 13 15 19 19 20 20 20 20 20 20 20 20 20 29 29 29 29 29 29 25 25 34 39 39 39 39 42 43 44 44 44 46 49 51 51 56 52 52 57 57 57 57 59 57 57 57 53 53 53 53 58 52 56 54 54 54 51 51 51 51 51 50 50 49 49 49 49 49 49 49 49 49 49 44 39 34 34 27 27 23 23 23 23 23 23 21 08 06 06 00 
00 04 04 08 08 08 08 08 08 08 08 10 14 14 15 15 15 15 15 15 15 15 15 24 24 24 24 27 27 23 23 32 37 37 37 37 40 41 42 42 42 44 47 49 49 54 50 50 55 55 55 55 57 52 52 52 48 48 48 48 53 47 51 49 49 49 46 46 46 46 46 45 45 44 44 44 44 44 44 44 44 44 44 39 39 34 34 27 27 23 23 23 23 23 23 21 08 06 06 00 
00 04 04 08 08 08 08 08 08 08 08 10 14 14 15 15 15 15 15 15 15 15 15 24 24 24 24 27 27 23 23 32 37 37 37 37 40 41 42 42 42 44 47 49 49 54 50 50 55 55 55 55 57 52 52 52 48 48 48 48 53 47 51 49 49 49 46 46 46 46 46 45 45 44 44 44 44 44 44 44 47 47 47 42 42 37 37 30 30 26 26 26 26 23 23 21 08 06 06 00 
00 04 04 12 12 12 12 12 12 12 12 14 18 18 19 19 19 19 19 19 19 19 19 28 28 28 28 31 31 27 27 36 41 41 41 41 44 45 46 49 49 51 54 56 56 61 57 57 62 62 62 62 64 59 59 59 55 55 55 55 60 54 58 56 56 56 53 53 53 53 53 52 52 51 51 51 51 51 51 51 54 51 51 46 42 37 37 30 30 26 26 26 26 23 23 21 08 06 06 00 
00 04 04 12 12 12 12 12 12 12 12 14 18 18 19 19 19 19 19 19 19 19 19 28 28 30 30 33 33 29 29 38 43 43 43 43 46 47 48 51 51 53 56 58 58 58 54 54 59 59 59 59 61 56 56 56 57 57 57 57 62 56 60 58 58 58 55 55 55 55 55 54 54 53 53 53 53 53 51 51 54 51 51 46 42 37 37 30 30 26 26 26 26 23 23 21 08 06 06 00 
00 04 04 12 12 12 12 12 12 12 12 15 19 19 20 20 20 20 20 20 20 20 20 29 29 31 31 34 34 30 30 39 44 44 44 45 48 49 50 53 53 55 58 60 60 60 56 56 61 60 60 60 62 57 57 57 58 58 58 58 63 57 61 59 59 59 56 56 56 55 55 54 54 53 53 53 53 53 51 51 54 51 51 46 42 37 37 30 30 26 26 26 26 23 23 21 08 06 06 00 
00 04 04 12 12 12 12 12 12 12 12 15 19 19 20 20 20 20 20 20 20 20 20 29 29 31 31 34 34 35 35 44 49 49 49 50 53 54 55 58 58 60 63 65 65 65 61 61 66 65 65 65 67 62 62 62 63 58 58 58 63 57 61 59 59 59 56 56 56 55 55 54 54 53 53 53 53 53 51 51 54 51 51 46 42 37 37 30 30 26 26 26 26 23 23 21 08 06 06 00 
00 04 04 12 12 12 12 12 12 12 12 15 19 19 20 20 20 20 20 20 20 20 20 29 29 31 31 34 34 35 35 40 45 45 45 46 49 50 51 54 54 56 59 61 61 61 57 57 62 61 61 61 63 58 58 58 59 54 54 54 59 53 57 55 55 55 52 52 52 51 51 50 50 49 49 49 49 49 47 47 50 47 47 42 38 33 33 30 30 26 26 26 26 23 23 21 08 06 06 00 
00 04 04 12 12 12 12 12 12 12 12 15 19 19 20 20 20 20 20 20 20 20 20 29 29 31 34 37 37 38 42 47 52 52 52 53 56 57 60 63 63 65 68 70 70 72 68 68 73 72 72 72 72 67 67 67 68 63 59 59 64 58 62 60 60 60 57 57 57 56 56 52 52 51 51 51 51 51 49 49 52 49 49 44 40 35 35 32 32 28 28 28 28 25 23 21 08 06 06 00 
00 04 04 12 12 12 12 17 17 17 17 20 24 24 25 25 25 25 25 25 25 25 25 34 34 36 39 42 42 43 47 52 57 57 57 58 61 62 65 68 68 70 73 75 75 77 73 73 78 77 77 77 77 72 72 72 73 68 64 64 69 63 67 65 65 65 62 62 62 61 61 57 57 56 56 56 56 56 54 54 57 54 49 44 40 35 35 32 32 28 28 28 28 25 23 21 08 06 06 00 
00 04 04 12 12 12 12 17 17 17 17 20 24 24 25 25 25 25 25 25 25 25 25 34 34 36 39 42 42 43 47 52 57 57 57 58 61 62 65 68 68 70 73 75 75 77 73 73 78 77 77 77 77 72 72 72 73 68 64 64 69 63 67 65 65 65 62 62 62 61 61 57 57 56 56 56 56 56 54 54 57 54 49 44 40 35 35 32 32 28 28 28 28 25 23 21 08 06 06 00 
00 04 04 08 08 08 08 13 13 13 13 16 20 20 21 21 21 21 21 21 21 21 21 30 30 32 35 38 38 39 43 48 53 53 53 54 57 58 61 64 64 66 69 71 71 73 69 69 74 73 73 73 73 68 68 68 69 64 60 60 65 59 63 61 61 61 58 58 58 57 57 53 53 52 52 52 52 52 50 50 53 50 45 40 36 31 31 28 28 28 28 28 28 25 23 21 08 06 06 00 
00 04 04 08 08 08 08 13 13 13 13 16 20 20 21 21 21 21 21 21 21 21 21 30 30 32 35 38 38 39 43 48 53 53 53 54 57 58 61 64 64 66 69 71 71 73 69 69 74 73 73 73 73 68 68 68 69 64 60 60 65 59 63 61 61 61 58 58 58 57 57 53 53 52 52 52 52 52 50 50 53 50 45 40 36 31 31 28 28 28 28 28 28 25 23 21 08 06 06 00 
00 04 04 08 08 08 08 13 13 13 13 16 20 20 21 21 21 21 21 21 21 21 21 30 30 32 35 38 38 39 43 48 53 53 53 54 57 58 61 64 64 66 69 71 71 73 69 69 74 73 73 73 73 68 68 68 69 64 60 60 65 59 63 61 61 61 58 58 58 57 57 53 53 52 52 52 52 52 50 50 53 50 45 40 36 31 31 28 28 28 28 28 28 25 23 21 08 06 06 00 
00 04 04 08 08 08 08 13 13 13 13 16 20 20 21 21 21 21 21 21 21 21 21 30 30 32 35 38 38 39 43 48 53 53 53 54 57 58 61 64 64 66 69 71 71 73 69 69 74 73 73 73 73 68 68 68 69 64 60 60 65 59 63 61 61 61 58 58 58 57 57 53 53 52 52 52 52 52 50 50 53 50 45 40 36 31 31 28 28 28 28 28 28 25 23 21 08 06 06 00 
00 04 04 08 08 08 08 13 13 13 13 16 20 20 21 21 21 21 21 21 21 21 21 30 30 32 35 38 38 39 43 48 53 53 53 54 57 58 61 64 64 66 69 71 71 73 69 69 74 73 73 73 73 68 68 68 69 64 60 60 65 59 63 61 61 61 58 58 58 57 57 53 53 52 52 52 52 52 50 50 53 50 45 40 36 31 31 28 28 28 28 28 28 25 23 21 08 06 06 00 
00 04 04 08 08 08 08 13 13 13 13 16 20 20 21 21 21 21 21 21 21 21 21 30 30 32 35 38 38 39 43 48 53 53 53 54 57 58 61 64 64 66 69 71 71 73 69 69 74 73 73 73 73 68 68 68 69 64 60 60 65 59 63 61 61 61 58 58 58 57 57 53 53 52 52 52 52 52 50 50 53 50 45 40 36 31 31 28 28 28 28 28 28 25 23 21 08 06 06 00 
00 04 04 08 08 08 08 13 13 13 13 16 20 20 21 21 21 21 21 21 21 21 21 30 30 32 35 38 38 34 38 43 48 48 48 49 52 53 56 56 56 58 61 63 63 65 61 61 66 65 65 65 65 60 60 60 61 61 57 57 62 56 60 58 58 58 55 55 55 54 54 50 50 49 49 49 49 49 47 47 50 50 45 40 36 31 31 28 28 28 28 28 28 25 23 21 08 06 06 00 
00 04 04 08 08 08 08 13 13 13 13 16 20 20 21 21 21 21 21 21 21 21 21 30 30 32 35 38 38 34 38 43 48 48 48 49 52 53 56 56 56 58 61 63 63 65 61 61 66 65 65 65 65 60 60 60 61 61 57 57 62 56 60 58 58 58 55 55 55 54 54 50 50 49 49 49 49 49 47 47 50 50 45 40 36 31 31 28 28 28 28 28 28 25 23 21 08 06 06 00 
00 04 04 08 08 08 08 13 13 13 13 16 20 20 21 21 21 21 21 21 21 22 22 31 31 33 36 39 39 35 39 44 49 49 49 50 53 54 57 57 58 60 63 65 65 67 63 63 68 67 67 67 67 67 67 67 68 68 64 64 69 63 67 65 65 65 62 62 62 61 61 52 52 51 51 51 51 51 49 49 52 52 47 41 37 32 32 29 29 29 29 29 29 26 24 21 08 06 06 00 
00 04 04 08 08 08 08 13 13 13 13 16 20 20 21 21 21 21 21 21 21 22 22 36 36 38 41 44 44 40 44 49 54 54 54 55 58 53 56 56 57 59 62 64 64 66 62 62 67 66 66 66 66 66 66 66 67 67 63 63 68 63 67 65 65 65 62 62 62 61 61 52 52 51 51 51 55 55 53 53 56 56 51 45 41 36 36 33 33 33 33 33 33 30 28 25 12 10 10 04 
00 04 04 08 08 08 08 13 13 13 13 16 20 20 20 20 20 20 20 20 20 21 21 35 35 37 40 43 43 39 43 48 53 53 53 54 57 52 55 55 56 58 61 63 63 63 59 59 64 63 63 63 63 63 63 63 64 64 60 60 65 60 64 62 62 62 59 59 59 58 58 49 49 48 48 48 52 52 50 50 53 53 48 42 38 33 33 30 30 30 30 30 30 27 27 24 11 09 09 04 
00 04 04 08 08 08 08 13 13 13 18 21 21 21 21 21 21 21 21 21 21 22 27 41 41 43 46 49 49 49 53 58 63 63 63 64 67 62 65 65 66 68 71 73 73 73 69 69 74 73 73 73 73 73 73 68 69 69 65 65 70 65 64 62 62 62 59 59 59 58 58 49 49 48 48 48 52 52 50 50 53 53 48 42 38 33 33 30 30 30 30 30 30 27 27 24 11 09 09 04 
00 04 04 08 08 08 08 13 13 13 18 21 21 21 21 21 21 21 21 21 21 22 27 39 39 41 44 47 47 47 51 56 61 61 61 62 65 60 63 63 64 66 69 71 71 71 67 67 72 71 71 71 71 71 71 66 67 67 63 63 68 63 62 60 60 60 57 57 57 56 56 47 47 46 46 46 50 50 48 48 51 51 46 40 36 31 31 28 28 28 28 28 28 25 25 22 09 09 09 04 
00 04 04 08 08 08 08 13 15 15 20 23 23 23 23 23 23 23 23 23 23 24 29 41 41 43 46 49 49 49 53 58 63 63 63 64 67 62 63 63 64 66 69 71 71 71 67 67 72 71 69 69 71 71 71 66 67 67 63 63 68 63 62 60 60 60 57 57 57 56 56 47 47 46 46 46 50 50 48 48 51 51 46 40 36 31 31 28 28 28 28 28 28 25 25 22 09 09 09 04 
00 04 04 08 08 08 08 13 15 15 20 23 23 23 23 23 23 23 23 23 23 24 29 41 41 43 46 49 49 49 53 58 63 63 63 64 67 62 63 63 64 66 69 71 71 71 67 67 72 71 69 69 71 71 71 66 67 67 63 63 68 63 62 60 60 60 57 57 57 56 56 47 47 46 46 46 50 50 48 48 51 51 46 40 36 31 31 28 28 28 28 28 28 25 25 22 09 09 09 04 
00 04 04 08 08 08 08 13 15 15 20 23 23 23 23 23 23 23 23 23 23 24 29 41 41 44 47 50 50 50 54 59 64 64 64 65 68 63 64 64 65 67 70 72 72 72 68 68 73 72 70 70 72 72 72 67 68 68 64 64 69 64 63 61 61 61 58 58 57 56 56 47 47 46 46 46 50 50 48 48 51 51 46 40 36 31 31 28 28 28 28 28 28 25 25 22 09 09 09 04 
00 04 04 08 08 08 08 13 15 15 20 23 23 23 23 23 23 23 23 23 23 24 29 41 41 42 45 48 48 48 52 57 62 62 62 63 66 61 62 62 63 63 66 68 68 68 64 64 69 68 66 66 72 72 72 67 68 68 64 64 69 64 63 61 61 61 54 54 53 52 52 43 43 42 42 42 46 46 46 46 49 49 44 40 36 31 31 28 28 28 28 28 28 25 25 22 09 09 09 04 
00 04 04 08 08 08 08 13 15 15 20 23 23 23 23 23 23 23 23 23 23 24 29 37 37 38 41 44 44 44 48 53 58 58 58 59 62 57 58 58 59 59 59 61 61 61 57 57 62 61 59 59 65 65 65 60 61 61 57 57 62 57 56 54 54 54 50 50 49 48 48 39 39 38 38 38 42 42 42 42 45 45 40 36 32 27 27 24 24 24 24 24 24 21 21 18 09 09 09 04 
00 04 04 08 08 08 08 13 15 15 20 23 23 23 23 23 23 23 23 23 23 24 29 37 37 38 41 44 44 44 48 53 58 58 58 58 61 56 57 57 58 58 58 60 60 60 56 56 61 61 59 59 65 65 65 60 61 61 57 57 62 57 56 54 54 54 50 50 49 48 48 39 39 38 38 38 42 42 42 42 45 45 40 36 32 27 27 24 24 24 24 24 24 21 21 18 09 09 09 04 
00 04 04 08 08 08 08 13 15 15 20 23 23 23 23 23 23 23 23 23 23 24 29 37 37 38 41 44 44 44 48 53 58 58 58 58 61 56 57 57 58 58 58 60 60 60 56 56 61 61 59 59 65 65 65 60 63 63 59 59 64 59 58 56 56 56 52 52 51 48 48 39 39 38 38 38 42 42 42 42 45 45 40 36 32 27 27 24 24 24 24 24 24 21 21 18 09 09 09 04 
00 04 04 08 08 08 08 13 15 15 20 23 23 23 23 23 23 23 23 23 23 24 29 37 37 38 41 44 44 44 48 53 58 58 58 58 61 56 57 57 58 58 58 60 60 60 56 56 61 61 59 59 65 65 65 60 63 63 59 59 64 59 58 56 56 56 52 52 51 48 48 39 39 38 38 38 42 42 42 42 45 45 40 36 32 27 27 24 24 24 24 24 24 21 21 18 09 09 09 04 
00 04 04 08 08 08 08 13 15 15 20 23 23 23 23 23 23 23 23 23 23 24 29 37 37 38 41 44 44 44 48 53 58 58 58 58 61 56 57 57 58 58 58 60 60 60 56 56 61 61 59 59 65 65 65 60 63 63 59 59 64 59 58 56 56 56 52 52 51 48 48 39 39 38 38 38 42 42 42 42 43 43 38 34 30 25 25 22 22 22 22 22 21 21 21 18 09 09 09 04 
00 04 04 11 11 11 11 16 18 18 23 26 26 26 26 26 26 26 26 26 26 27 32 40 40 41 44 47 47 47 51 56 61 65 65 65 68 63 64 64 65 65 65 67 67 67 63 63 68 68 66 66 72 68 65 60 63 63 59 59 64 59 58 56 56 56 52 52 51 48 48 39 39 38 38 38 42 42 42 42 43 43 38 34 30 25 25 22 22 22 22 22 21 21 21 18 09 09 09 04 
00 04 04 11 11 11 11 16 18 18 23 26 26 26 26 26 26 26 26 26 26 27 32 40 40 41 47 50 50 50 54 59 64 68 68 68 71 66 67 67 68 68 68 70 70 70 66 66 71 71 69 69 75 71 68 63 66 66 62 62 67 62 61 59 59 59 55 55 54 51 51 42 42 41 41 41 45 45 45 45 46 46 41 37 33 25 25 22 22 22 22 22 21 21 21 18 09 09 09 04 
00 04 04 11 11 11 11 16 21 21 26 29 29 29 29 29 29 29 29 29 29 30 35 43 43 44 50 50 50 50 54 59 64 68 68 68 71 66 67 67 68 68 68 70 70 70 66 66 71 71 69 69 75 74 71 66 69 69 65 65 70 65 64 62 62 62 58 58 57 54 54 45 45 44 44 44 48 48 48 48 49 49 44 40 36 28 28 22 22 22 22 22 21 21 21 18 09 09 09 04 
00 04 04 11 11 11 11 16 21 21 26 29 29 29 29 29 29 29 29 29 29 30 35 41 41 42 45 45 45 45 49 54 59 63 63 63 66 61 62 62 62 62 62 62 62 62 58 58 63 63 61 61 67 66 63 58 61 61 57 57 62 57 56 56 56 56 52 52 51 48 48 42 42 41 41 41 45 45 45 45 46 46 41 38 34 26 26 20 20 20 20 20 19 19 19 18 09 09 09 04 
00 04 04 11 11 11 11 16 21 21 26 29 29 29 29 29 29 29 29 29 29 30 35 41 41 42 45 45 45 45 49 54 59 63 63 63 66 61 62 62 62 62 64 64 64 64 60 60 65 65 63 63 69 68 65 60 63 61 57 57 62 57 56 56 56 56 52 52 51 48 48 42 42 41 41 41 45 45 45 45 46 46 41 38 34 26 26 20 20 20 20 20 19 19 19 18 09 09 09 04 
00 04 04 11 11 11 11 16 21 21 26 29 29 29 29 29 29 29 29 29 29 30 35 41 41 42 45 45 45 48 52 57 62 66 66 66 69 64 65 65 65 65 67 67 67 67 63 63 68 68 66 66 72 71 68 63 66 64 60 60 65 60 59 59 59 59 55 55 54 51 51 45 45 44 44 44 48 48 48 48 49 49 44 41 37 29 29 23 23 23 23 23 22 22 22 21 12 09 09 04 
00 04 04 11 11 11 11 16 21 21 26 28 28 28 28 28 28 28 28 28 28 29 34 40 40 41 44 44 44 47 51 56 61 65 65 65 68 63 64 64 64 64 66 66 66 66 62 62 67 67 65 65 71 70 67 62 65 63 59 59 64 59 58 58 58 58 54 54 53 51 51 45 45 44 44 44 48 48 48 48 49 49 44 41 37 29 29 23 23 23 23 23 22 22 22 21 12 09 09 04 
00 04 04 11 11 11 15 20 25 25 30 32 32 32 32 32 32 32 32 32 32 33 38 44 44 45 48 48 48 51 55 60 65 69 69 69 72 67 68 68 68 68 70 70 70 70 66 66 71 71 69 69 75 74 71 66 69 67 63 63 68 63 62 62 62 62 58 58 57 51 51 45 45 44 44 44 48 48 48 48 49 49 44 41 37 29 29 23 23 23 23 23 22 22 22 21 12 09 09 04 
00 04 04 11 11 11 15 20 25 25 30 32 32 32 32 32 32 32 32 32 32 33 38 44 44 45 48 48 48 51 55 60 65 69 69 69 72 67 68 68 68 68 70 70 70 70 66 66 71 71 69 69 75 74 71 66 69 67 63 63 68 63 62 62 62 62 58 58 57 51 51 45 45 44 44 44 48 48 48 48 49 49 44 41 37 29 29 23 23 23 23 23 22 22 22 21 12 09 09 04 
00 04 04 11 11 11 15 20 25 25 30 32 32 32 32 32 32 32 32 32 32 33 38 44 44 45 48 48 48 51 55 60 65 69 69 69 72 67 68 68 68 68 70 70 70 70 66 66 71 71 69 69 75 74 71 66 69 67 63 63 68 63 62 62 62 62 58 58 57 51 51 45 45 44 44 44 48 48 48 48 49 49 44 41 37 29 29 23 23 23 23 23 22 22 22 21 12 09 09 04 
00 04 04 11 11 11 15 20 23 23 23 25 25 25 25 25 25 25 25 25 25 26 31 37 37 37 40 40 40 43 47 52 57 61 61 61 64 59 60 60 60 60 62 62 62 62 58 58 63 63 63 63 69 68 65 65 68 66 62 62 67 62 61 61 61 61 57 57 57 51 51 45 45 44 44 44 48 48 48 48 49 49 44 41 37 29 29 23 23 23 23 23 22 22 22 21 12 09 09 04 
00 04 04 11 11 11 15 20 23 23 23 25 25 25 25 25 25 25 25 25 25 26 31 37 37 37 40 40 40 43 47 52 57 61 61 61 64 59 60 60 60 60 62 62 62 62 58 58 63 63 63 63 69 68 65 65 68 66 62 62 67 62 61 61 61 61 57 57 57 51 51 45 45 44 44 44 48 48 48 48 49 49 44 41 37 29 29 23 23 23 23 23 22 22 22 21 12 09 09 04 
00 04 04 11 11 11 15 20 23 23 23 25 25 25 25 25 25 25 25 25 25 26 31 37 37 37 40 40 40 48 52 57 62 66 66 66 69 64 65 65 65 65 67 67 62 62 58 58 63 63 63 63 69 68 65 65 68 66 62 62 67 62 61 61 61 61 57 57 57 51 51 45 45 44 44 44 48 48 48 48 49 49 44 41 37 29 29 23 23 23 23 23 22 22 22 21 12 09 09 04 
00 04 04 11 11 11 15 20 23 23 23 25 25 25 25 25 25 25 25 25 25 26 31 37 37 37 40 40 40 48 52 57 62 66 66 66 69 64 65 65 65 65 67 67 62 62 58 58 63 63 63 63 69 68 65 65 68 66 62 62 67 62 57 57 57 57 53 53 53 47 47 41 41 40 40 40 44 44 44 44 45 45 40 37 33 25 25 19 19 19 19 19 18 18 18 17 12 09 09 04 
00 04 04 08 08 08 12 17 20 20 20 22 22 22 22 22 22 22 22 22 22 23 28 34 34 34 37 37 37 45 49 54 59 63 63 63 66 61 62 62 62 62 64 64 59 59 55 55 60 60 55 55 61 60 60 60 63 61 57 57 62 62 57 57 57 57 53 53 53 47 47 41 41 40 40 40 44 44 44 44 45 45 40 37 33 25 25 19 19 19 19 19 18 18 18 17 12 09 09 04 
00 04 04 08 08 08 12 17 20 20 20 20 20 20 20 20 20 20 20 20 20 21 26 32 32 32 35 35 35 43 47 52 57 61 61 61 64 59 60 60 60 60 62 62 57 57 53 53 58 58 53 53 59 60 60 60 63 61 57 57 62 62 57 57 57 57 53 53 53 47 47 41 41 40 40 40 44 44 44 44 45 45 40 37 33 25 25 19 19 19 19 19 18 18 18 17 12 09 09 04 
00 04 04 08 08 08 12 17 20 20 20 20 20 20 20 20 20 20 20 20 20 21 26 32 32 32 35 35 35 40 44 48 53 57 57 57 60 55 56 56 56 56 58 58 53 53 49 49 54 54 49 49 55 56 56 56 59 57 53 53 58 58 53 53 53 53 49 49 49 43 43 37 37 37 37 37 41 41 41 41 42 42 37 34 30 22 22 16 16 16 16 16 15 15 15 14 09 09 09 04 
00 04 04 08 08 08 12 17 20 20 20 20 20 20 20 20 20 20 20 20 20 21 26 27 27 27 30 30 30 35 39 43 48 52 52 52 55 55 56 56 56 56 58 58 53 53 49 49 54 54 49 49 55 51 51 51 54 52 48 48 53 53 48 48 48 48 44 44 44 38 38 37 37 37 37 37 41 41 41 41 42 42 37 34 30 22 22 16 16 16 16 16 15 15 15 14 09 09 09 04 
00 04 04 08 08 08 12 17 20 20 20 20 20 20 20 20 20 20 20 20 20 21 27 28 28 28 31 31 31 36 40 44 49 53 53 53 56 56 57 57 57 57 59 59 54 54 50 50 55 55 50 50 56 52 52 52 55 53 49 49 54 54 49 49 49 52 48 48 48 42 42 41 41 41 41 41 45 45 45 45 46 46 41 35 31 23 23 17 17 17 17 17 16 16 16 15 10 10 10 04 
00 04 04 08 08 08 12 17 20 20 20 20 20 20 20 20 20 20 20 20 20 21 27 28 28 28 31 31 31 36 40 44 49 53 53 53 56 56 57 57 57 57 59 59 54 54 50 50 55 55 50 50 56 52 52 52 55 53 49 49 54 54 49 49 49 52 48 48 48 42 42 41 41 41 41 41 45 45 45 45 46 46 41 35 31 23 23 17 17 17 17 17 16 16 16 15 10 10 10 04 
00 04 04 08 08 08 12 17 17 17 17 17 17 17 17 17 17 17 17 17 17 18 24 25 25 25 28 28 28 33 37 41 46 50 50 50 53 53 54 54 54 54 56 56 51 51 47 47 52 52 47 47 53 49 49 49 52 50 46 46 51 51 46 46 46 49 45 45 45 39 39 38 38 38 38 38 42 42 42 42 43 43 38 32 28 20 20 17 17 17 17 17 16 16 16 15 10 10 10 04 
00 04 04 08 08 08 12 17 17 17 17 17 17 17 17 17 17 17 17 17 17 18 24 25 25 25 28 28 28 33 37 41 46 50 50 50 53 53 54 54 54 54 56 56 51 51 47 47 52 52 47 47 53 49 49 49 52 50 46 46 51 51 46 46 46 49 45 45 45 39 39 38 38 38 38 38 42 42 42 42 43 43 38 32 28 20 20 17 17 17 17 17 16 16 16 15 10 10 10 04 
00 04 04 08 08 08 12 17 17 17 17 17 17 17 17 17 17 17 17 17 17 18 24 25 25 25 28 28 28 33 37 41 46 50 50 50 53 53 54 54 54 54 56 56 51 51 47 47 52 52 47 47 53 49 49 49 51 49 45 45 50 50 45 45 45 48 44 44 44 38 38 37 37 37 37 37 41 41 41 41 42 42 37 31 27 19 19 17 17 17 17 17 16 16 16 15 10 10 10 04 
00 04 04 08 08 08 12 17 17 17 17 17 17 17 17 17 17 17 17 17 17 18 24 25 25 25 28 28 28 33 37 41 46 50 50 50 53 53 54 54 54 54 56 56 51 51 47 47 52 52 47 47 53 49 49 49 51 49 45 45 50 50 45 45 45 48 44 44 44 38 38 37 37 37 37 37 41 41 41 41 42 42 37 31 27 19 19 17 17 17 17 17 16 16 16 15 10 10 10 04 
00 04 04 08 08 08 12 17 17 17 17 17 17 17 17 17 17 17 17 17 17 18 24 25 25 25 28 28 28 33 37 41 46 50 50 50 53 53 54 54 54 54 56 56 51 51 47 47 52 52 47 47 53 49 49 49 51 49 45 45 50 50 45 45 45 48 44 44 44 38 38 37 37 37 37 37 37 37 37 37 38 38 33 27 23 15 15 13 13 13 13 13 12 12 12 11 06 06 06 00 
00 04 04 08 08 08 08 13 13 13 13 13 13 13 13 13 13 13 13 13 13 14 20 21 21 21 24 24 24 29 33 37 42 46 46 46 49 49 50 50 50 50 52 52 47 47 43 43 43 43 38 38 44 40 40 40 42 40 36 36 41 41 36 36 36 39 35 35 35 33 33 32 32 32 32 32 32 32 32 32 33 33 28 22 18 10 10 08 08 08 08 08 07 07 07 06 01 01 01 00 
00 04 04 08 08 08 08 13 13 13 13 13 13 13 13 13 13 13 13 13 13 14 20 21 21 21 24 24 24 24 28 32 37 41 41 41 44 44 45 45 45 45 47 47 47 47 43 43 43 43 38 38 44 40 40 40 42 40 36 36 41 41 36 36 36 39 35 35 35 33 33 32 32 32 32 32 32 32 32 32 33 33 28 22 18 10 10 08 08 08 08 08 07 07 07 06 01 01 01 00 
00 04 04 08 08 08 08 13 13 13 13 13 13 13 13 13 13 13 13 13 13 14 15 16 16 16 19 19 19 19 23 27 32 36 36 36 39 39 40 40 40 40 42 42 42 42 38 38 38 38 33 33 39 35 35 35 37 35 31 31 36 36 36 36 36 39 35 35 35 33 33 32 32 32 32 32 32 32 32 32 33 33 28 22 18 10 10 08 08 08 08 08 07 07 07 06 01 01 01 00 
00 04 04 04 04 04 04 09 09 09 09 09 09 09 09 09 09 09 09 09 09 10 11 12 12 12 12 12 12 12 12 16 21 25 25 25 28 28 29 29 29 29 31 31 31 31 27 27 27 27 22 22 28 24 24 24 26 24 24 24 29 29 29 29 29 32 28 28 28 26 26 25 25 25 25 25 25 25 25 25 26 26 21 15 15 10 10 08 08 08 08 08 07 07 07 06 01 01 01 00 
00 04 04 04 04 04 04 09 09 09 09 09 09 09 09 09 09 09 09 09 09 10 11 12 12 12 12 12 12 12 12 16 21 25 25 25 28 28 29 29 29 29 31 31 31 31 27 27 27 27 22 22 28 24 24 24 26 24 24 24 29 29 29 29 29 32 28 28 28 26 26 25 25 25 25 25 25 25 25 25 26 26 21 15 15 10 10 08 08 08 08 08 07 07 07 06 01 01 01 00 
00 04 04 04 04 04 04 09 09 09 09 09 09 09 09 09 09 09 09 09 09 10 11 12 12 12 12 12 12 12 12 16 16 20 20 20 23 23 24 24 24 24 26 26 26 26 22 22 22 22 22 22 28 24 24 24 26 24 24 24 29 29 29 29 29 32 28 28 28 26 26 25 25 25 25 25 25 25 25 25 26 26 21 15 15 10 10 08 08 08 08 08 07 07 07 06 01 01 01 00 
00 04 04 04 04 04 04 09 09 09 09 09 09 09 09 09 09 09 09 09 09 10 11 12 12 12 12 12 12 12 12 16 16 20 20 20 23 23 24 24 24 24 26 26 26 26 22 22 22 22 22 22 24 20 20 20 22 20 20 20 25 25 25 25 25 28 28 28 28 26 26 25 25 25 25 25 25 25 25 25 26 26 21 15 15 10 10 08 08 08 08 08 07 07 07 06 01 01 01 00 
00 04 04 04 04 04 04 09 09 09 09 09 09 09 09 09 09 09 09 09 09 10 11 12 12 12 12 12 12 12 12 16 16 16 16 16 19 19 20 20 20 20 22 22 22 22 18 18 18 18 18 18 20 20 20 20 22 20 20 20 25 25 25 25 25 28 28 28 28 26 26 25 25 25 25 25 25 25 25 25 26 26 21 15 15 10 10 08 08 08 08 08 07 07 07 06 01 01 01 00 
00 04 04 04 04 04 04 09 09 09 09 09 09 09 09 09 09 09 09 09 09 10 11 12 12 12 12 12 12 12 12 16 16 16 16 16 19 19 19 19 19 19 21 21 21 21 17 17 17 17 17 17 19 19 19 19 21 19 19 19 24 24 24 24 24 27 27 27 27 25 25 24 24 24 24 24 24 24 24 24 25 25 20 15 15 10 10 08 08 08 08 08 07 07 07 06 01 01 01 00 
00 04 04 04 04 04 04 09 09 09 09 09 09 09 09 09 09 09 09 09 09 10 11 11 11 11 11 11 11 11 11 15 15 15 15 15 15 15 15 15 15 15 17 17 17 17 13 13 13 13 13 13 15 15 15 15 17 15 15 15 20 20 20 20 20 23 23 23 23 21 21 21 21 21 21 21 21 21 21 21 22 22 17 12 12 10 10 08 08 08 08 08 07 07 07 06 01 01 01 00 
00 04 04 04 04 04 04 09 09 09 09 09 09 09 09 09 09 09 09 09 09 10 11 11 11 11 11 11 11 11 11 15 15 15 15 15 15 15 15 15 15 15 17 17 17 17 13 13 13 13 13 13 15 15 15 15 17 15 15 15 20 20 20 20 20 23 23 23 23 21 21 21 21 21 21 21 21 21 21 21 22 22 17 12 12 10 10 08 08 08 08 08 07 07 07 06 01 01 01 00 
00 04 04 04 04 04 04 09 09 09 09 09 09 09 09 09 09 09 09 09 09 10 11 11 11 11 11 11 11 11 11 15 15 15 15 15 15 15 15 15 15 15 15 15 15 15 11 11 11 11 11 11 13 13 13 13 15 15 15 15 20 20 20 20 20 23 23 23 23 21 21 21 21 21 21 21 21 21 21 21 22 22 17 12 12 10 10 08 08 08 08 08 07 07 07 06 01 01 01 00 
00 04 04 04 04 04 04 09 09 09 09 09 09 09 09 09 09 09 09 09 09 10 11 11 11 11 11 11 11 11 11 15 15 15 15 15 15 15 15 15 15 15 15 15 15 15 11 11 11 11 11 11 11 11 11 11 13 13 13 13 18 18 18 18 18 21 21 21 21 19 19 19 19 19 19 19 19 19 19 19 20 20 15 10 10 10 10 08 08 08 08 08 07 07 07 06 01 01 01 00 
00 04 04 04 04 04 04 09 09 09 09 09 09 09 09 09 09 09 09 09 09 10 11 11 11 11 11 11 11 11 11 15 15 15 15 15 15 15 15 15 15 15 15 15 15 15 11 11 11 11 11 11 11 11 11 11 13 13 13 13 18 18 18 18 18 18 18 18 18 16 16 16 16 16 16 16 16 16 16 16 16 16 11 09 09 09 09 07 07 07 07 07 07 07 07 06 01 01 01 00 
00 04 04 04 04 04 04 09 09 09 09 09 09 09 09 09 09 09 09 09 09 09 10 10 10 10 10 10 10 10 10 14 14 14 14 14 14 14 14 14 14 14 14 14 14 14 10 10 10 10 10 10 10 10 10 10 12 12 12 12 17 17 17 17 17 17 17 17 17 15 15 15 15 15 15 15 15 15 15 15 15 15 10 08 08 08 08 06 06 06 06 06 06 06 06 06 01 01 01 00 
00 04 04 04 04 04 04 09 09 09 09 09 09 09 09 09 09 09 09 09 09 09 10 10 10 10 10 10 10 10 10 14 14 14 14 14 14 14 14 14 14 14 14 14 14 14 10 10 10 10 10 10 10 10 10 10 10 10 10 10 15 15 15 15 15 15 15 15 15 15 15 15 15 15 15 15 15 15 15 15 15 15 10 08 08 08 08 06 06 06 06 06 06 06 06 06 01 01 01 00 
00 04 04 04 04 04 04 09 09 09 09 09 09 09 09 09 09 09 09 09 09 09 10 10 10 10 10 10 10 10 10 14 14 14 14 14 14 14 14 14 14 14 14 14 14 14 10 10 10 10 10 10 10 10 10 10 10 10 10 10 15 15 15 15 15 15 15 15 15 15 15 15 15 15 15 15 15 15 15 15 15 15 10 08 08 08 08 06 06 06 06 06 06 06 06 06 01 01 01 00 
00 00 00 00 00 00 00 05 05 05 05 05 05 05 05 05 05 05 05 05 05 05 05 05 05 05 05 05 05 05 05 09 09 09 09 09 09 09 09 09 09 09 09 09 09 09 05 05 05 05 05 05 05 05 05 05 05 05 05 05 05 05 05 05 05 05 05 05 05 05 05 05 05 05 05 05 05 05 05 05 05 05 00 00 00 00 00 00 00 00 00 00 00 00 00 00 00 00 00 00 
