102
00626
00887
02831
03722
04868
05289
08216
09895
11145
11272
11828
13680
16147
16360
17509
18330
18666
18844
19923
19927
20750
21299
23843
24061
24100
24895
25260
26389
27481
27876
28154
30205
30548
31934
32054
34948
35084
36779
37344
37419
37489
38002
42316
42931
44621
44731
45563
45725
46571
46704
50499
50638
51567
51572
52782
55292
55870
56783
58089
58640
59063
59835
61112
63779
64071
65084
66417
66689
66779
66825
67558
68158
69552
70781
71190
72035
72346
73065
74999
75309
75610
76282
77540
79805
81030
81276
81589
81698
82592
83359
83771
84750
84827
84828
86050
86707
88525
88993
89190
90607
93773
99959
