90123
90124
90125
90126
90127
90128
90132
90134
90135
90136
90137
90138
90142
90143
90145
90146
90147
90148
90152
90153
90154
90156
90157
90158
90162
90163
90164
90165
90167
90168
90172
90173
90174
90175
90176
90178
90182
90183
90184
90185
90186
90187
90213
90214
90215
90216
90217
90218
90231
90234
90235
90236
90237
90238
90241
90243
90245
90246
90247
90248
90251
90253
90254
90256
90257
90258
90261
90263
90264
90265
90267
90268
90271
90273
90274
90275
90276
90278
90281
90283
90284
90285
90286
90287
90312
90314
90315
90316
90317
90318
90321
90324
90325
90326
90327
90328
90341
90342
90345
90346
90347
90348
90351
90352
90354
90356
90357
90358
90361
90362
90364
90365
90367
90368
90371
90372
90374
90375
90376
90378
90381
90382
90384
90385
90386
90387
90412
90413
90415
90416
90417
90418
90421
90423
90425
90426
90427
90428
90431
90432
90435
90436
90437
90438
90451
90452
90453
90456
90457
90458
90461
90462
90463
90465
90467
90468
90471
90472
90473
90475
90476
90478
90481
90482
90483
90485
90486
90487
90512
90513
90514
90516
90517
90518
90521
90523
90524
90526
90527
90528
90531
90532
90534
90536
90537
90538
90541
90542
90543
90546
90547
90548
90561
90562
90563
90564
90567
90568
90571
90572
90573
90574
90576
90578
90581
90582
90583
90584
90586
90587
90612
90613
90614
90615
90617
90618
90621
90623
90624
90625
90627
90628
90631
90632
90634
90635
90637
90638
90641
90642
90643
90645
90647
90648
90651
90652
90653
90654
90657
90658
90671
90672
90673
90674
90675
90678
90681
90682
90683
90684
90685
90687
90712
90713
90714
90715
90716
90718
90721
90723
90724
90725
90726
90728
90731
90732
90734
90735
90736
90738
90741
90742
90743
90745
90746
90748
90751
90752
90753
90754
90756
90758
90761
90762
90763
90764
90765
90768
90781
90782
90783
90784
90785
90786
90812
90813
90814
90815
90816
90817
90821
90823
90824
90825
90826
90827
90831
90832
90834
90835
90836
90837
90841
90842
90843
90845
90846
90847
90851
90852
90853
90854
90856
90857
90861
90862
90863
90864
90865
90867
90871
90872
90873
90874
90875
90876
91023
91024
91025
91026
91027
91028
91032
91034
91035
91036
91037
91038
91042
91043
91045
91046
91047
91048
91052
91053
91054
91056
91057
91058
91062
91063
91064
91065
91067
91068
91072
91073
91074
91075
91076
91078
91082
91083
91084
91085
91086
91087
91203
91204
91205
91206
91207
91208
91230
91234
91235
91236
91237
91238
91240
91243
91245
91246
91247
91248
91250
91253
91254
91256
91257
91258
91260
91263
91264
91265
91267
91268
91270
91273
91274
91275
91276
91278
91280
91283
91284
91285
91286
91287
91302
91304
91305
91306
91307
91308
91320
91324
91325
91326
91327
91328
91340
91342
91345
91346
91347
91348
91350
91352
91354
91356
91357
91358
91360
91362
91364
91365
91367
91368
91370
91372
91374
91375
91376
91378
91380
91382
91384
91385
91386
91387
91402
91403
91405
91406
91407
91408
91420
91423
91425
91426
91427
91428
91430
91432
91435
91436
91437
91438
91450
91452
91453
91456
91457
91458
91460
91462
91463
91465
91467
91468
91470
91472
91473
91475
91476
91478
91480
91482
91483
91485
91486
91487
91502
91503
91504
91506
91507
91508
91520
91523
91524
91526
91527
91528
91530
91532
91534
91536
91537
91538
91540
91542
91543
91546
91547
91548
91560
91562
91563
91564
91567
91568
91570
91572
91573
91574
91576
91578
91580
91582
91583
91584
91586
91587
91602
91603
91604
91605
91607
91608
91620
91623
91624
91625
91627
91628
91630
91632
91634
91635
91637
91638
91640
91642
91643
91645
91647
91648
91650
91652
91653
91654
91657
91658
91670
91672
91673
91674
91675
91678
91680
91682
91683
91684
91685
91687
91702
91703
91704
91705
91706
91708
91720
91723
91724
91725
91726
91728
91730
91732
91734
91735
91736
91738
91740
91742
91743
91745
91746
91748
91750
91752
91753
91754
91756
91758
91760
91762
91763
91764
91765
91768
91780
91782
91783
91784
91785
91786
91802
91803
91804
91805
91806
91807
91820
91823
91824
91825
91826
91827
91830
91832
91834
91835
91836
91837
91840
91842
91843
91845
91846
91847
91850
91852
91853
91854
91856
91857
91860
91862
91863
91864
91865
91867
91870
91872
91873
91874
91875
91876
92013
92014
92015
92016
92017
92018
92031
92034
92035
92036
92037
92038
92041
92043
92045
92046
92047
92048
92051
92053
92054
92056
92057
92058
92061
92063
92064
92065
92067
92068
92071
92073
92074
92075
92076
92078
92081
92083
92084
92085
92086
92087
92103
92104
92105
92106
92107
92108
92130
92134
92135
92136
92137
92138
92140
92143
92145
92146
92147
92148
92150
92153
92154
92156
92157
92158
92160
92163
92164
92165
92167
92168
92170
92173
92174
92175
92176
92178
92180
92183
92184
92185
92186
92187
92301
92304
92305
92306
92307
92308
92310
92314
92315
92316
92317
92318
92340
92341
92345
92346
92347
92348
92350
92351
92354
92356
92357
92358
92360
92361
92364
92365
92367
92368
92370
92371
92374
92375
92376
92378
92380
92381
92384
92385
92386
92387
92401
92403
92405
92406
92407
92408
92410
92413
92415
92416
92417
92418
92430
92431
92435
92436
92437
92438
92450
92451
92453
92456
92457
92458
92460
92461
92463
92465
92467
92468
92470
92471
92473
92475
92476
92478
92480
92481
92483
92485
92486
92487
92501
92503
92504
92506
92507
92508
92510
92513
92514
92516
92517
92518
92530
92531
92534
92536
92537
92538
92540
92541
92543
92546
92547
92548
92560
92561
92563
92564
92567
92568
92570
92571
92573
92574
92576
92578
92580
92581
92583
92584
92586
92587
92601
92603
92604
92605
92607
92608
92610
92613
92614
92615
92617
92618
92630
92631
92634
92635
92637
92638
92640
92641
92643
92645
92647
92648
92650
92651
92653
92654
92657
92658
92670
92671
92673
92674
92675
92678
92680
92681
92683
92684
92685
92687
92701
92703
92704
92705
92706
92708
92710
92713
92714
92715
92716
92718
92730
92731
92734
92735
92736
92738
92740
92741
92743
92745
92746
92748
92750
92751
92753
92754
92756
92758
92760
92761
92763
92764
92765
92768
92780
92781
92783
92784
92785
92786
92801
92803
92804
92805
92806
92807
92810
92813
92814
92815
92816
92817
92830
92831
92834
92835
92836
92837
92840
92841
92843
92845
92846
92847
92850
92851
92853
92854
92856
92857
92860
92861
92863
92864
92865
92867
92870
92871
92873
92874
92875
92876
93012
93014
93015
93016
93017
93018
93021
93024
93025
93026
93027
93028
93041
93042
93045
93046
93047
93048
93051
93052
93054
93056
93057
93058
93061
93062
93064
93065
93067
93068
93071
93072
93074
93075
93076
93078
93081
93082
93084
93085
93086
93087
93102
93104
93105
93106
93107
93108
93120
93124
93125
93126
93127
93128
93140
93142
93145
93146
93147
93148
93150
93152
93154
93156
93157
93158
93160
93162
93164
93165
93167
93168
93170
93172
93174
93175
93176
93178
93180
93182
93184
93185
93186
93187
93201
93204
93205
93206
93207
93208
93210
93214
93215
93216
93217
93218
93240
93241
93245
93246
93247
93248
93250
93251
93254
93256
93257
93258
93260
93261
93264
93265
93267
93268
93270
93271
93274
93275
93276
93278
93280
93281
93284
93285
93286
93287
93401
93402
93405
93406
93407
93408
93410
93412
93415
93416
93417
93418
93420
93421
93425
93426
93427
93428
93450
93451
93452
93456
93457
93458
93460
93461
93462
93465
93467
93468
93470
93471
93472
93475
93476
93478
93480
93481
93482
93485
93486
93487
93501
93502
93504
93506
93507
93508
93510
93512
93514
93516
93517
93518
93520
93521
93524
93526
93527
93528
93540
93541
93542
93546
93547
93548
93560
93561
93562
93564
93567
93568
93570
93571
93572
93574
93576
93578
93580
93581
93582
93584
93586
93587
93601
93602
93604
93605
93607
93608
93610
93612
93614
93615
93617
93618
93620
93621
93624
93625
93627
93628
93640
93641
93642
93645
93647
93648
93650
93651
93652
93654
93657
93658
93670
93671
93672
93674
93675
93678
93680
93681
93682
93684
93685
93687
93701
93702
93704
93705
93706
93708
93710
93712
93714
93715
93716
93718
93720
93721
93724
93725
93726
93728
93740
93741
93742
93745
93746
93748
93750
93751
93752
93754
93756
93758
93760
93761
93762
93764
93765
93768
93780
93781
93782
93784
93785
93786
93801
93802
93804
93805
93806
93807
93810
93812
93814
93815
93816
93817
93820
93821
93824
93825
93826
93827
93840
93841
93842
93845
93846
93847
93850
93851
93852
93854
93856
93857
93860
93861
93862
93864
93865
93867
93870
93871
93872
93874
93875
93876
94012
94013
94015
94016
94017
94018
94021
94023
94025
94026
94027
94028
94031
94032
94035
94036
94037
94038
94051
94052
94053
94056
94057
94058
94061
94062
94063
94065
94067
94068
94071
94072
94073
94075
94076
94078
94081
94082
94083
94085
94086
94087
94102
94103
94105
94106
94107
94108
94120
94123
94125
94126
94127
94128
94130
94132
94135
94136
94137
94138
94150
94152
94153
94156
94157
94158
94160
94162
94163
94165
94167
94168
94170
94172
94173
94175
94176
94178
94180
94182
94183
94185
94186
94187
94201
94203
94205
94206
94207
94208
94210
94213
94215
94216
94217
94218
94230
94231
94235
94236
94237
94238
94250
94251
94253
94256
94257
94258
94260
94261
94263
94265
94267
94268
94270
94271
94273
94275
94276
94278
94280
94281
94283
94285
94286
94287
94301
94302
94305
94306
94307
94308
94310
94312
94315
94316
94317
94318
94320
94321
94325
94326
94327
94328
94350
94351
94352
94356
94357
94358
94360
94361
94362
94365
94367
94368
94370
94371
94372
94375
94376
94378
94380
94381
94382
94385
94386
94387
94501
94502
94503
94506
94507
94508
94510
94512
94513
94516
94517
94518
94520
94521
94523
94526
94527
94528
94530
94531
94532
94536
94537
94538
94560
94561
94562
94563
94567
94568
94570
94571
94572
94573
94576
94578
94580
94581
94582
94583
94586
94587
94601
94602
94603
94605
94607
94608
94610
94612
94613
94615
94617
94618
94620
94621
94623
94625
94627
94628
94630
94631
94632
94635
94637
94638
94650
94651
94652
94653
94657
94658
94670
94671
94672
94673
94675
94678
94680
94681
94682
94683
94685
94687
94701
94702
94703
94705
94706
94708
94710
94712
94713
94715
94716
94718
94720
94721
94723
94725
94726
94728
94730
94731
94732
94735
94736
94738
94750
94751
94752
94753
94756
94758
94760
94761
94762
94763
94765
94768
94780
94781
94782
94783
94785
94786
94801
94802
94803
94805
94806
94807
94810
94812
94813
94815
94816
94817
94820
94821
94823
94825
94826
94827
94830
94831
94832
94835
94836
94837
94850
94851
94852
94853
94856
94857
94860
94861
94862
94863
94865
94867
94870
94871
94872
94873
94875
94876
95012
95013
95014
95016
95017
95018
95021
95023
95024
95026
95027
95028
95031
95032
95034
95036
95037
95038
95041
95042
95043
95046
95047
95048
95061
95062
95063
95064
95067
95068
95071
95072
95073
95074
95076
95078
95081
95082
95083
95084
95086
95087
95102
95103
95104
95106
95107
95108
95120
95123
95124
95126
95127
95128
95130
95132
95134
95136
95137
95138
95140
95142
95143
95146
95147
95148
95160
95162
95163
95164
95167
95168
95170
95172
95173
95174
95176
95178
95180
95182
95183
95184
95186
95187
95201
95203
95204
95206
95207
95208
95210
95213
95214
95216
95217
95218
95230
95231
95234
95236
95237
95238
95240
95241
95243
95246
95247
95248
95260
95261
95263
95264
95267
95268
95270
95271
95273
95274
95276
95278
95280
95281
95283
95284
95286
95287
95301
95302
95304
95306
95307
95308
95310
95312
95314
95316
95317
95318
95320
95321
95324
95326
95327
95328
95340
95341
95342
95346
95347
95348
95360
95361
95362
95364
95367
95368
95370
95371
95372
95374
95376
95378
95380
95381
95382
95384
95386
95387
95401
95402
95403
95406
95407
95408
95410
95412
95413
95416
95417
95418
95420
95421
95423
95426
95427
95428
95430
95431
95432
95436
95437
95438
95460
95461
95462
95463
95467
95468
95470
95471
95472
95473
95476
95478
95480
95481
95482
95483
95486
95487
95601
95602
95603
95604
95607
95608
95610
95612
95613
95614
95617
95618
95620
95621
95623
95624
95627
95628
95630
95631
95632
95634
95637
95638
95640
95641
95642
95643
95647
95648
95670
95671
95672
95673
95674
95678
95680
95681
95682
95683
95684
95687
95701
95702
95703
95704
95706
95708
95710
95712
95713
95714
95716
95718
95720
95721
95723
95724
95726
95728
95730
95731
95732
95734
95736
95738
95740
95741
95742
95743
95746
95748
95760
95761
95762
95763
95764
95768
95780
95781
95782
95783
95784
95786
95801
95802
95803
95804
95806
95807
95810
95812
95813
95814
95816
95817
95820
95821
95823
95824
95826
95827
95830
95831
95832
95834
95836
95837
95840
95841
95842
95843
95846
95847
95860
95861
95862
95863
95864
95867
95870
95871
95872
95873
95874
95876
96012
96013
96014
96015
96017
96018
96021
96023
96024
96025
96027
96028
96031
96032
96034
96035
96037
96038
96041
96042
96043
96045
96047
96048
96051
96052
96053
96054
96057
96058
96071
96072
96073
96074
96075
96078
96081
96082
96083
96084
96085
96087
96102
96103
96104
96105
96107
96108
96120
96123
96124
96125
96127
96128
96130
96132
96134
96135
96137
96138
96140
96142
96143
96145
96147
96148
96150
96152
96153
96154
96157
96158
96170
96172
96173
96174
96175
96178
96180
96182
96183
96184
96185
96187
96201
96203
96204
96205
96207
96208
96210
96213
96214
96215
96217
96218
96230
96231
96234
96235
96237
96238
96240
96241
96243
96245
96247
96248
96250
96251
96253
96254
96257
96258
96270
96271
96273
96274
96275
96278
96280
96281
96283
96284
96285
96287
96301
96302
96304
96305
96307
96308
96310
96312
96314
96315
96317
96318
96320
96321
96324
96325
96327
96328
96340
96341
96342
96345
96347
96348
96350
96351
96352
96354
96357
96358
96370
96371
96372
96374
96375
96378
96380
96381
96382
96384
96385
96387
96401
96402
96403
96405
96407
96408
96410
96412
96413
96415
96417
96418
96420
96421
96423
96425
96427
96428
96430
96431
96432
96435
96437
96438
96450
96451
96452
96453
96457
96458
96470
96471
96472
96473
96475
96478
96480
96481
96482
96483
96485
96487
96501
96502
96503
96504
96507
96508
96510
96512
96513
96514
96517
96518
96520
96521
96523
96524
96527
96528
96530
96531
96532
96534
96537
96538
96540
96541
96542
96543
96547
96548
96570
96571
96572
96573
96574
96578
96580
96581
96582
96583
96584
96587
96701
96702
96703
96704
96705
96708
96710
96712
96713
96714
96715
96718
96720
96721
96723
96724
96725
96728
96730
96731
96732
96734
96735
96738
96740
96741
96742
96743
96745
96748
96750
96751
96752
96753
96754
96758
96780
96781
96782
96783
96784
96785
96801
96802
96803
96804
96805
96807
96810
96812
96813
96814
96815
96817
96820
96821
96823
96824
96825
96827
96830
96831
96832
96834
96835
96837
96840
96841
96842
96843
96845
96847
96850
96851
96852
96853
96854
96857
96870
96871
96872
96873
96874
96875
97012
97013
97014
97015
97016
97018
97021
97023
97024
97025
97026
97028
97031
97032
97034
97035
97036
97038
97041
97042
97043
97045
97046
97048
97051
97052
97053
97054
97056
97058
97061
97062
97063
97064
97065
97068
97081
97082
97083
97084
97085
97086
97102
97103
97104
97105
97106
97108
97120
97123
97124
97125
97126
97128
97130
97132
97134
97135
97136
97138
97140
97142
97143
97145
97146
97148
97150
97152
97153
97154
97156
97158
97160
97162
97163
97164
97165
97168
97180
97182
97183
97184
97185
97186
97201
97203
97204
97205
97206
97208
97210
97213
97214
97215
97216
97218
97230
97231
97234
97235
97236
97238
97240
97241
97243
97245
97246
97248
97250
97251
97253
97254
97256
97258
97260
97261
97263
97264
97265
97268
97280
97281
97283
97284
97285
97286
97301
97302
97304
97305
97306
97308
97310
97312
97314
97315
97316
97318
97320
97321
97324
97325
97326
97328
97340
97341
97342
97345
97346
97348
97350
97351
97352
97354
97356
97358
97360
97361
97362
97364
97365
97368
97380
97381
97382
97384
97385
97386
97401
97402
97403
97405
97406
97408
97410
97412
97413
97415
97416
97418
97420
97421
97423
97425
97426
97428
97430
97431
97432
97435
97436
97438
97450
97451
97452
97453
97456
97458
97460
97461
97462
97463
97465
97468
97480
97481
97482
97483
97485
97486
97501
97502
97503
97504
97506
97508
97510
97512
97513
97514
97516
97518
97520
97521
97523
97524
97526
97528
97530
97531
97532
97534
97536
97538
97540
97541
97542
97543
97546
97548
97560
97561
97562
97563
97564
97568
97580
97581
97582
97583
97584
97586
97601
97602
97603
97604
97605
97608
97610
97612
97613
97614
97615
97618
97620
97621
97623
97624
97625
97628
97630
97631
97632
97634
97635
97638
97640
97641
97642
97643
97645
97648
97650
97651
97652
97653
97654
97658
97680
97681
97682
97683
97684
97685
97801
97802
97803
97804
97805
97806
97810
97812
97813
97814
97815
97816
97820
97821
97823
97824
97825
97826
97830
97831
97832
97834
97835
97836
97840
97841
97842
97843
97845
97846
97850
97851
97852
97853
97854
97856
97860
97861
97862
97863
97864
97865
98012
98013
98014
98015
98016
98017
98021
98023
98024
98025
98026
98027
98031
98032
98034
98035
98036
98037
98041
98042
98043
98045
98046
98047
98051
98052
98053
98054
98056
98057
98061
98062
98063
98064
98065
98067
98071
98072
98073
98074
98075
98076
98102
98103
98104
98105
98106
98107
98120
98123
98124
98125
98126
98127
98130
98132
98134
98135
98136
98137
98140
98142
98143
98145
98146
98147
98150
98152
98153
98154
98156
98157
98160
98162
98163
98164
98165
98167
98170
98172
98173
98174
98175
98176
98201
98203
98204
98205
98206
98207
98210
98213
98214
98215
98216
98217
98230
98231
98234
98235
98236
98237
98240
98241
98243
98245
98246
98247
98250
98251
98253
98254
98256
98257
98260
98261
98263
98264
98265
98267
98270
98271
98273
98274
98275
98276
98301
98302
98304
98305
98306
98307
98310
98312
98314
98315
98316
98317
98320
98321
98324
98325
98326
98327
98340
98341
98342
98345
98346
98347
98350
98351
98352
98354
98356
98357
98360
98361
98362
98364
98365
98367
98370
98371
98372
98374
98375
98376
98401
98402
98403
98405
98406
98407
98410
98412
98413
98415
98416
98417
98420
98421
98423
98425
98426
98427
98430
98431
98432
98435
98436
98437
98450
98451
98452
98453
98456
98457
98460
98461
98462
98463
98465
98467
98470
98471
98472
98473
98475
98476
98501
98502
98503
98504
98506
98507
98510
98512
98513
98514
98516
98517
98520
98521
98523
98524
98526
98527
98530
98531
98532
98534
98536
98537
98540
98541
98542
98543
98546
98547
98560
98561
98562
98563
98564
98567
98570
98571
98572
98573
98574
98576
98601
98602
98603
98604
98605
98607
98610
98612
98613
98614
98615
98617
98620
98621
98623
98624
98625
98627
98630
98631
98632
98634
98635
98637
98640
98641
98642
98643
98645
98647
98650
98651
98652
98653
98654
98657
98670
98671
98672
98673
98674
98675
98701
98702
98703
98704
98705
98706
98710
98712
98713
98714
98715
98716
98720
98721
98723
98724
98725
98726
98730
98731
98732
98734
98735
98736
98740
98741
98742
98743
98745
98746
98750
98751
98752
98753
98754
98756
98760
98761
98762
98763
98764
98765
