50
9876
7654
7654
7654
7654
7654
7654
7654
7654
7654
7654
7654
7654
7654
7654
7654
7654
7654
7654
7654
7654
7654
7654
7654
7654
7654
7654
7654
7654
7654
7654
7654
7654
7654
7654
7654
7654
7654
7654
7654
7654
7654
7654
7654
7654
7654
7654
7654
7654
7654
7654
7654
7654
7654
7654
7654
7654
7654
7654
7654
7654
7654
7654
7654
7654
7654
7654
7654
7654
7654
7654
7654
7654
7654
7654
7654
7654
7654
7654
7654
7654
7654
7654
7654
7654
7654
7654
7654
7654
7654
7654
7654
7654
7654
7654
7654
7654
7654
7654
7654
7654
7654
7654
7654
7654
7654
6142
5047
1860
5419