3088
49830
14270
956
14611
19754
8133
1556
728
143
54276
1396
788
651
5096
32115
222
9242
11518
926
3916
20555
19040
69542
250
539
1988
10955
5597
1105
7100
426
54437
7863
1119
13551
183420
7045
5360
65299
3452
27976
17175
68
36096
18589
5334
2744
8274
1538
25021
14610
1805
60591
14911
28548
24811
5862
7319
9171
338
719
16624
3584
1332
8091
5234
9226
46118
5605
5326
14016
4033
45172
1842
5134
24447
17039
57025
798
22910
667
3580
92380
1967
957
20877
17252
9534
223
4917
4570
453
6250
5159
19218
2902
2269
1152
127
461
9105
12595
4555
103007
2126
11245
11091
113
89
22909
398
5285
2738
1848
26818
5815
85752
29154
8961
262
4355
11731
69428
9
7139
2103
1897
1544
3208
1286
5330
151963
24142
3144
66041
9838
1832
441
9821
4434
10904
19479
16594
29314
35107
23355
72629
8276
10279
532
1368
3297
940
589
547
3200
12678
5450
477
3281
6158
16100
9799
12571
15202
2557
25
1221
18447
5498
943
1571
12561
324
2692
29598
2883
259
2525
47717
21687
1281
3163
16226
12151
2646
42178
12820
167
1198
6232
1397
10708
17779
29274
33159
144
49
6367
4990
18559
7100
130
36293
10485
6661
3870
36310
22100
14610
3592
36345
1657
2530
8178
15337
22367
1531
7693
117
25448
12638
37277
2496
4228
20371
83
1858
3158
206
104
13668
1100
1447
79201
6826
18107
3202
14042
13069
7389
5329
20085
8488
26534
3900
14737
1383
5054
1716
7944
15021
18845
11203
1556
5308
6973
68
931
3608
4111
89659
1511
1043
7679
32458
2334
184
547
3157
3209
6402
387
62613
8779
26097
19597
98440
2571
6330
2343
6686
15493
37215
507
3087
9747
2380
3760
7623
7589
17339
353
13921
31722
2168
4022
254
5609
52166
61206
1636
7412
81
27865
28026
260
19506
2225
11827
1432
49798
18057
6599
1980
15607
8828
733
252
1706
217
1713
7010
17919
1121
7085
272
9995
2585
1197
29697
38024
398
6846
24635
83
8491
7482
1382
6698
9009
9274
4278
34201
55864
25618
61965
17295
4039
31729
765
3677
6030
15456
2608
8505
1602
17235
1267
11271
9087
65381
1966
2307
1469
1119
14317
4225
6472
2596
468
5620
2374
13211
3803
4150
12772
10567
1465
2819
70135
3843
1645
14685
843
562
9354
14508
129
22016
54940
74
1407
22553
4697
3589
45970
23419
64448
9809
1403
23165
47933
189119
90
4793
6186
27146
21300
14820
22279
16585
15322
12283
1665
2327
1783
25303
930
4749
4201
378
14365
4897
82171
35867
15763
1964
2307
17384
10730
14552
29478
1136
77
1142
26912
2415
25370
11152
469
5149
23254
15463
406
8173
12808
4008
22285
128
40699
9393
1520
1383
880
2216
49657
4537
6148
21809
6503
36605
5303
25469
79012
10187
27291
6644
13794
21750
9627
18708
4697
27481
5990
23424
34
28875
25075
57000
9977
14047
75110
8093
19973
4
10599
460
2847
10925
30015
7343
2959
2527
14459
19111
7295
10398
449
4722
2736
2588
7509
240397
18406
62192
31251
2333
18512