35
3 120
191884896520013042 999992
280177644440280152 999994
273276999423694922 999993
1 991
2 977
4 971
5 911
6 917
7 937
8 951
9 877
10 777
11 997
86 999959
80 999979
52 999961
1427 999917
6286 999953
8588 999931
50077 999863
577425 999907
880533 999883
26379812 999961
50155221 999983
1560800 999979
1000000000000000000 999931
1000000000000000000 999959
1000000000000000000 999953
525605995809010850 977
997971669843518781 997
914059201141291684 991
11911649725663616 999995
111316932410368012 999997
574562453749934103 999996
