11051 46111 14807 46752 33606 8879 41811 53558 62032 46234 30834 62082 47932 29611 21241 24685 49940 17768 26719 54914 36933 16261 38621 57377 4259 33990 61391 12617 10869 63780 9972 34933 19706 53977 31577 43283 55777 26995 55682 46769 43748 29399 4048 45374 39941 34558 43085 5970 49270 17120 13504 48627 23557 28403 55181 19570 12403 24280 60646 35683 62666 14311 2278 38661 43520 60181 45320 12124 36055 60413 64966 13995 48155 16165 37192 31110 49639 49853 16072 42784 44153 45225 60551 11306 60697 24624 27639 34666 47591 993 19024 9 60199 9840 14022 51618 49731 57544 59644 15832
43508 3611 25581 55691 44625 41194 52074 60145 53209 36413 56403 30077 30779 30804 2981 29290 5652 26631 28555 42600 33059 55851 50821 21863 36134 37537 21910 50088 55446 18200 2807 35345 23755 57884 26827 59466 25952 13075 52647 27731 27931 50702 59252 54141 42790 48530 50244 40411 30283 8449 46307 14730 20032 38034 30836 45296 12359 52909 12624 33875 59277 44951 19059 28094 48966 48575 53734 59046 24185 19255 59604 48775 56786 6022 20754 51171 26452 15796 50641 64099 52103 58990 29614 61582 61086 35762 47377 12295 30031 9172 59176 3634 58975 97 63153 39815 28807 32504 32323 32837
24633 58525 63656 28103 7845 14391 5159 43471 19498 19027 1749 43387 37621 57551 55696 60676 13348 5194 34815 53798 39514 38379 14534 37329 61441 5718 51597 48763 18723 63631 33028 63616 39083 9837 4498 4927 9547 23461 57466 4498 39911 647 50685 24766 22215 43350 14687 35740 54917 23317 31460 3788 35762 51024 21884 3597 26130 30724 555 8323 705 31044 38241 31835 60818 29059 32092 19539 13816 10961 64374 12965 2394 46011 49258 59040 39913 52243 64982 13593 47657 61107 18899 63574 31096 60048 13482 62719 37162 24357 25993 30157 53801 8167 17510 57535 44868 11710 5044 32741
59037 57695 5218 49942 4793 21502 8530 20983 42652 34109 53020 32588 580 6841 30456 57090 32285 33155 44402 30820 4515 63581 29958 24524 50526 50792 29959 65182 55294 45978 45072 25114 17141 46328 33954 56214 29031 29389 51355 11977 18958 14870 44065 43061 45657 54525 17509 56334 9457 45051 40375 26464 4369 25928 50870 20867 51852 64323 31490 30326 61538 18794 52342 40856 50113 23148 57708 48713 9057 30816 52918 32555 38409 49282 7574 15877 39239 49391 191 14894 38033 36894 48716 47595 48068 52614 46946 45415 30055 61199 36118 46616 50086 50932 58261 26006 32177 11206 8963 32238
27251 4561 22503 24577 38115 41643 41779 64329 32904 4566 48096 20770 36198 49811 46201 44880 20084 54137 49450 34538 27141 25048 36153 55025 15431 42423 13740 5736 1347 48313 33242 8247 14982 11502 54371 60581 16010 63247 49831 33981 1162 23988 504 29434 19825 54639 45968 6241 8080 46527 1537 4760 16255 47882 3456 35303 43288 26261 61671 45001 16232 38632 20401 9785 39952 38787 137 37675 54103 35006 14504 2121 29063 655 16344 39216 43440 25825 28767 2956 57918 12676 10793 40034 21579 52657 34487 12833 25774 51443 28734 41448 59848 30544 26154 48116 35643 2548 2944 21146
8495 45507 6229 64717 28175 48123 59918 57932 49762 49521 54853 4622 13524 47518 54186 24913 55290 227 65453 28943 25255 31924 53024 3370 5067 63228 60823 57933 36610 46644 54153 4068 33385 54226 7127 918 34151 55412 32007 49275 10025 37000 55797 8366 47519 62594 51595 37309 56821 37344 23966 26856 16528 37911 48466 31618 62638 61421 1140 39817 40929 59871 10703 64598 8074 56881 44877 1019 13660 62311 28066 63340 36283 48411 32517 44534 22521 50147 19775 62149 1536 61528 30602 17598 20891 50666 23403 31221 62366 12766 42288 20117 27072 23420 9104 57707 50484 62480 5606 60879
53519 3212 65487 51014 7819 11817 65317 65005 10120 62054 57154 27010 54432 23052 33863 52430 34684 52484 48439 62160 19931 55683 6828 57096 9443 47915 51702 20618 63890 35349 49223 44389 47619 20427 25378 36545 34011 44310 23125 34524 62487 57556 19697 54002 37214 30701 11703 30427 752 17734 51725 34987 44740 14571 57530 1178 43767 48446 51730 1822 28669 18258 19362 3360 31822 22975 19224 7256 18969 38506 59526 34125 55158 8699 45971 31785 28524 38095 39261 14170 46726 33382 43486 41013 52742 24709 53292 28561 7462 60198 15824 32298 58323 10886 43793 12479 54004 47623 49085 64935
50242 6034 63453 61187 36545 46159 21438 42839 31810 34767 30545 44563 16699 22697 54033 42386 57646 58114 890 33370 27710 1874 21285 27256 10078 31917 47586 33241 591 53478 41117 56525 17191 11208 13705 22993 50311 49301 25763 35207 36870 16878 24127 4021 62617 4301 43138 51819 62732 34934 9453 59539 45902 22773 49581 36945 34120 34806 13834 38837 35823 46996 56721 40623 62902 30920 45530 2096 31296 2371 5719 5193 7264 27838 17276 56045 52862 42008 4935 25581 44717 13016 30634 4555 46464 64634 58157 52931 13518 27208 5857 61944 59418 64543 11440 43329 52859 45167 29399 60016
42914 47814 19924 17094 52846 10606 55922 47343 44894 16642 57623 1602 30316 53647 36605 7954 14073 51747 4890 64391 4139 38998 24238 22268 53903 47620 2072 11850 26618 9265 11765 26310 30414 62401 14930 37044 63831 54500 49563 22238 41114 28627 17291 62321 62130 29298 58955 9203 59867 52473 38159 260 14157 57426 33253 20321 23305 61852 26913 33240 62252 25028 14404 41028 18845 57267 6380 13843 32575 10074 61731 39158 57936 24531 63028 32181 44429 4455 18015 45801 47203 16551 62667 24420 58493 17488 59764 54983 65309 27770 46395 46073 23472 30355 8024 26183 11142 43347 32285 1315
33055 62002 29298 39970 21660 46605 26209 63592 54311 47572 8130 14671 56331 48338 13513 27738 32611 18126 34209 15769 26448 38380 12314 40333 37164 9027 12147 45991 52351 49095 41500 27593 1040 23043 39897 38442 39178 38752 13249 22032 50313 43197 42164 9714 46120 58392 11473 13287 43857 51157 18624 56228 58292 58384 56952 34514 24514 1605 22991 653 29395 20233 10008 13972 41633 61466 25769 30718 59313 20310 25371 57657 60315 51539 36978 20627 40079 19570 18884 13320 51036 10620 16446 15047 18061 25289 39990 3450 42984 57970 9196 17925 20493 47777 29607 1048 40515 6973 3900 35896
