55
25441
5241810
13909171
14058751
342811
821743
3788863
24586723
506232
9495643
8699551
888307
5155170
4496521
18143341
1482307
584460
6814711
21925807
9569742
23362723
23829043
1219921
10787940
20825533
1107756
10262413
3907
12791352
8770482
328903
9329971
21432271
1217713
637603
7955221
3604302
22814953
2302807
3109933
3502512
419256
1767571
12169633
3630931
14857171
1009021
14269507
9305550
5700156
18075253
20798161
18228630
135793
106603
13723321
24745651
366630
11092231
1325953
471283
23527351
1780890
951600
21907080
12260503
22729057
11878362
386262
8823871
6799057
10847143
16863343
194922
1384153
78121
17863302
2551
4462657
24895110
19127502
381307
16140307
2388571
23916991
12613152
6083623
23819281
3195157
14973030
11387251
282493
1573771
1853682
4728451
12211
1455643
5132491
735307
4598881
1686103
8743
3558883
13224133
1325953
112561
4449990
509082
3461461
1152403
11266092
6157842
3209473
2555203
5820156
882660
2257507
1066057
14281
15940057
9563556
23150532
40201
1353733
7499383
1291632
18996523
12379842
1103550
10339441
12044370
1388863
23440123
4291
4042111
86731
3361723
12106921
1021111
7271113
2450791
19075057
13806
17711473
21963282
1655083
11754613
15996001
2734063
928333
1017073
2655271
472656
4598881
23624461
9831361
15653893
3263443
5662021
7126231
6322710
1120423
11761471
645612
3314220
12705660
14957556
22207656
9944562
10847142
15590653
12253500
367843
704761
999000
8517642
11387251
5255556
1193557
1845522
6530581
238632
17459863
13752973
847321
142506
4237422
827191
17998807
15511783
2973901
2526510
4311853
12549307
18952962
22948890
3753906
2066406
2435161
800130
24596640
1536360
11631511
1335181
147841
23643906
3922380
93942
1047553
1246573
19985371
604507
1947421
6034393
5858820
5389363
8961043
2366983
454951
1167480
23275801
18718603
1204507
21487861
16544556
4831
12316591
557263
163621
12450312
14535157
16140307
74256
16357981
10833973
84973
11132233
430992
5127961
17947933
132132
843643
10153782
9033031
756
877033
20471100
12253500
438906
4258032
21404503
16626007
1122541
21293611
1103551
20907757
981091
6515257
13931557
6545923
18709950
142507
105301
21091057
1829256
13819807
15307656
16455192
16995006
819931
2287657
2321053
2653
8360773
265741
9957180
9275071
496320
11205756
9471006
1936273
821743
4054183
2606611
2501143
4598881
5173350
9656556
187057
5380081
2278590
519121
4728451
14103781
16261057
22650
5046763
89700
11454841
12805663
23217943
138756
20516370
14216671
8925156
4488042
6428761
12134773
11072256
1911307
262657
19735807
1796941
2971
21035983
393757
1927933
236682
830832
5173351
4830
955507
1257762
13775233
11981983
6322711
1191373
1735807
23498256
1799623
1541322
552793
66307
5228083
2479051
8453557
57361
116623
3025861
8068441
2224572
5921923
20056963
1701721
6814711
3124057
21673680
8693653
18361
15284191
24596641
1291632
12316590
3173742
10709256
24083557
7190443
15772813
5132491
4551823
17897131
14542783
4200451
176820
9069133
1224342
1280293
440232
39007
5463907
4135123
12934813
2066406
16204650
10972657
4732801
14246851
7439257
178506
18024271
14818651
18459913
1346761
16666807
93943
10676557
8074123
18399811
6799057
6368053
18580411
3839640
3734557
1804993
10071103
10436131
2881506
11387251
196692
7303507
16814100
156421
2278590
22320900
23131291
6515256
10952791
3036307
8746807
548341
23035200
13767811
3336102
17871757
20119711
19709161
8188183
17973361
3922381
23246863
8447743
32220
674863
12727057
3292411
3907
1335180
3711402
7195806
7325143
4899583
5073757
1861860
1482306
3638557
903450
22351
8274253
9825090
1947421
22557751
9196057
14580943
23965921
15050521
22548252
135793
6592056
3050262
24493
4090506
19127503
979111
1066057
13
3661
2862
279312
23160156
5051257
5112
6643506
14036263
5449891
11557
16188552
1919611
17085823
15751
301951
10873506
888306
3696007
519121
3383760
526351
6581790
3060751
572293
10893301
6877506
814507
12086053
1051650
1353732
12176611
21822913
12093007
2366983
640800
4577460
8541007
16188553
7179720
3835722
7190443
12464431
14634450
13435891
7455631
464443
5600323
6393313
7548757
13752972
18874681
241572
12211531
9901
10268821
6428760
4483807
1521523
1204507
7532280
12
10572252
1783560
13137001
8360772
12030493
1280292
15440970
23121672
21813571
415380
22662361
2046331
4650493
9919350
1251043
5477941
17069293
24556981
3746161
20245501
9268980
322056
11252671
6903757
4830
10985910
235711
1446007
2257507
1370070
10071102
5168803
1441201
1657656
6292573
16650481
138012
15253
1029211
9825090
3259831
9625506
3596713
446893
14672731
6566406
6428760
2385481
14634451
18220092
19976431
13568172
5902471
10461991
12302557
17259871
8675970
11333322
12030493
6443982
37830
189661
3099361
166873
731880
7163652
8764561
6846073
3450307
24586723
405133
15050521
8823871
5628757
7439256
13355371
9702
16771
20281512
1114081
2946373
14980771
1688701
120757
674863
882661
5562523
1533883
6172741
114583
1791583
4188163
5087280
6940591
21925807
254520
4780783
282492
4286971
612307
23614741
6499950
2124306
1017073
6778213
18024271
6731430
15804601
4274557
1239882
601
10185673
4754580
19390813
949650
4370191
9756252
9471007
24685993
1989511
14474221
2539243
623310
10339441
228007
6903757
9938257
14957556
4249783
1233211
4311852
2260513
5024323
388752
1741080
385021
420552
18996522
13634557
13173270
4831
3570210
1657657
5776813
20953507
12898873
71022
213906
2413362
8587831
7921411
2479051
15346807
1088893
5141557
487902
4886310
1165321
11672473
9551190
8193907
7603806
18348372
640801
339307
19452510
20092807
171811
6581791
3274291
7921411
24408541
6856543
250501
1861861
78121
2366982
154842
17409757
176820
11720352
194041
30103
19162507
2984257
43891
2834173
2963562
12302556
22872307
13443223
21201421
1200121
789433
5657262
9606901
8535163
4719757
6108312
53131
8675970
17343060
17061030
1978243
3696007
19346803
2730756
5019840
1477441
4943953
827191
157
3894703
4846603
16945573
211141
74256
7271113
880783
1128907
16970281
7357657
8895307
3894703
27060
12549307
3558883
9982440
221371
14741761
14156407
423150
3570211
5990257
789433
221371
79243
4715413
679801
13042933
778807
671581
1158852
8628907
287833
6973
15916110
1460473
2963563
11152260
24181
1126782
6307632
12898872
1015057
800131
6778212
9397291
493507
3642372
20543557
21183007
3472632
14980770
7686757
22757671
8010
2577630
871422
10249603
120757
1727910
11092231
10853731
527803
5576682
22690932
1504303
1171807
20880
2284633
1655083
7195807
55933
2864557
11012443
1070191
5237232
2118481
9220333
4780782
8057083
11772
1727911
97657
348691
115260
222313
335821
18361
19655922
589057
20146632
628056
10494360
22038331
21785556
4399507
1548780
4807057
111223
5733630
17787307
287833
393756
5892756
1321351
6484662
10906506
346333
2760583
16970281
471282
385020
9862741
11132232
10365180
20308542
15924091
943812
655291
432307
7898911
4135123
6484662
224203
19585050
1670557
10052071
7142257
74803
444223
20110740
14703390
12528060
7276506
28393
1611631
7206541
16863342
15535423
10345873
13465231
10268820
2376223
6167772
21673681
4886311
327757
5264731
766501
1335181
14741761
19949622
1588860
1829257
2642250
151711
6715873
2092363
1230990
613872
24925057
2321052
7244173
1191373
8068440
13641943
12127807
2497980
175980
11152261
10611307
22330350
463081
8280006
298663
961381
2616307
3954132
480942
17210052
5159713
566256
905353
16333722
8023057
7949581
2632507
218556
6643506
1273512
545382
476790
6612613
19180021
278257
26083
213907
8505973
5506062
12232506
645613
5019840
18970380
1619256
17368056
17585443
766500
479557
1165320
4002001
7781311
10578756
250501
2491662
19576200
632821
14066251
24507450
1180482
5037781
22358713
8142463
11427781
8006071
4741507
21627150
7532281
1986691
19426057
967272
9900462
11132233
6747007
9495643
143263
1321350
1246573
666673
93330
18451321
5820157
973182
2655271
12485623
2188921
83233
22643322
20852923
9545011
21757
17069292
590592
24093373
20462053
16962042
40201
11475156
67860
1864590
903451
181051
355813
3536280
24715813
5858821
6499950
5141557
400056
23829043
18900757
480943
8245513
5333791
41821
4086463
276151
4715412
4042110
18425557
10689630
20012203
2642251
4577461
24260551
757771
11212453
1593907
1260006
43
24448080
6731431
18220093
1342123
18477102
6
11961223
13531362
23469181
985057
9831361
1533883
15972012
171811
4693
22862743
6576661
2450791
21785557
5228082
15566971
257557
227053
14888022
13775233
4237423
12274513
20254500
7686757
24586722
892080
16180507
4702393
188791
1477441
1319053
15661807
16863343
1981056
1548780
665041
107256
2970
20789040
1109863
292140
23566171
15417402
152491
18348373
2584057
4171807
9919351
12834307
17837952
1560
5757601
5064751
21673680
3270673
11025720
1823850
2994631
6247500
15796651
6454141
5743213
7163652
3274291
1541322
138757
877033
543906
10397401
24181806
15073807
77563
803713
991020
22891440
24083557
17863303
269880
4715413
18360
1126783
10249602
13042933
9588313
22387092
9869023
12051312
132133
6576661
2925811
1460473
581407
12316590
1961401
12528060
9202122
93943
20003257
1122
1023133
24083557
8171023
5614530
7051680
9925651
11782057
1200120
1492063
10552753
12662922
15370321
71023
2197807
17510041
2655271
13857007
480942
5006407
2324100
24715813
1419673
2834173
10513807
13807
6004951
109231
23189041
16228813
2942941
1514131
138013
6024570
22834063
1312170
13686300
12155682
24646261
5917056
89701
14957557
5676306
5051257
181902
10378062
51757
961381
23643907
53131
1870057
10243201
1647373
19735806
4824612
5010883
6919531
12379843
3216643
2302807
15535423
10755121
12812820
1601491
1230990
1339807
13377307
2006473
4225081
18502902
699733
19709160
4676406
7003963
1720033
61753
114582
16479540
810901
16846921
31
14818651
12570570
9256806
655291
20634307
5676306
454951
23731513
1756950
6877507
640801
19311630
254521
1903021
4943952
18126307
12148710
14307307
1114080
12422100
9702
1586340
4299403
14224212
6951133
1305307
2066407
13524007
19206306
9600702
14934361
1171807
6078691
1670557
142506
3541
20218512
20661570
1733173
1961401
22217083
5951161
4030057
10630861
6232513
5965807
4299403
24945030
6054061
34410
7147602
3742290
8729070
24527257
10768242
5250972
17518410
593671
957462
12433
23016007
1051651
9793771
12827142
17914057
8119651
10920
20245500
3990006
22122912
8788261
951601
949651
26083
22292562
1483
9831360
7141
24685993
12898872
17135460
8640660
2366983
9069133
22987230
2616307
19549662
19851480
4249783
10748563
8211091
11899051
48181
523453
8557
6505051
119370
8262751
914892
12433
3314221
12169632
13575540
1120423
3325153
15112657
8349211
17787307
1305307
13042932
15964020
6935323
12044370
1670557
142506
8925157
5690610
7882057
4741507
11905951
12577663
16132273
21321307
19241383
10109220
3982021
1848241
9737520
789433
1133161
5849143
22757670
12827142
1287091
1021111
17568673
18041256
3046770
1460472
12677161
8011
7786890
11734051
4122931
456301
3109933
3317862
13050156
10230402
1120422
19426056
4135123
113232
6322711
9712573
1881012
10827391
5473261
1200121
1840093
6783421
24093373
15027252
16764931
3071256
1213303
20353633
6152881
3581557
10827391
969240
1799623
393757
22614781
13686301
3155953
6924793
2057791
8743
579882
869557
4577460
2342431
637603
63757
22330350
10442592
22472341
740461
590592
30451
11679307
72630
22094701
4693722
360601
8274253
2124306
16617853
9656556
5237232
747361
11658811
12848640
10617823
4445772
349873
7882057
403861
35532
8664193
24765553
1870057
7837201
2342430
4590307
10946173
9051073
3859261
121453
37830
6814711
13573
1953007
22929733
4598881
169332
875161
3874993
23819281
598302
342811
1021111
219493
1709557
943813
17468221
23246863
10787941
1291632
12197556
31506
3823981
3134671
14058751
66307
24438193
7222656
401322
6393313
472657
886423
12492691
1206703
3650010
6108313
18066751
15868272
324330
421
15112656
13333452
21321306
3036307
15213901
2046331
3358056
298662
669943
6108313
7099561
5487306
77563
7450170
1889250
24438193
617011
16797702
4433131
721651
17368056
23673091
5657263
396271
532170
602952
24656191
1300741
18066751
1305307
782340
275101
331201
10748563
16212702
12176611
23449806
6653820
8517643
16116211
16528290
2185963
9220332
12023557
766500
3918421
2314963
14443801
1995156
12358740
3193
8378130
345156
61753
1662811
10134672
8557
24448080
12093007
17863302
4163641
10185673
1438801
393757
5931661
15042763
262656
5292301
49507
10985911
21321307
689730
10728901
18117793
16204651
6202590
24113011
4361833
3120523
9995083
15120433
20716152
401323
1053703
14171461
20003256
265741
2251501
408961
15007
1251042
757770
2348557
15097111
8764561
10071103
22273680
30102
6888001
1233211
735307
9366660
4899583
20953507
23877882
2072161
2054922
1197931
17535157
463
15440971
3898651
16617852
17863302
219493
1332871
2098153
22576753
81511
6830383
15964020
1126783
684757
15323311
10787941
11556601
15167131
961381
6368053
13573
17837953
33307
2080806
183613
773521
4449991
33673
10709257
5051256
21794893
9159703
7703401
3874992
1178310
24260550
2003640
442891
14521
82656
3777193
39007
197581
22292563
23829043
91
1662811
135792
11025721
328902
22651
71022
1586341
3015432
18744570
22292563
16520161
1035306
19531981
88506
10397400
5690610
9957181
14292181
21462
11252671
218557
6973
14021280
2526511
1543807
1821150
6138007
3910507
660157
7570752
7753441
9644131
16789506
2763906
71022
704760
832657
1837380
589057
1930711
23353057
5380081
16212703
24492
19258933
11823282
4573183
15606451
532170
1727910
22387092
19364400
11346793
4785157
18434143
9495643
5704932
949651
7904532
15701406
805507
914893
22320901
1586341
7163653
1709557
2037756
12
151710
4551823
16236871
11185681
87913
15252930
3216642
2497981
16228813
24024703
1727910
19075057
3906553
1670557
7686756
24349291
613873
10230403
575323
400057
2287656
595212
19709161
2622781
1353733
11816407
15027253
16236871
17259871
20962663
1578793
1053703
1484742
2422693
14497057
2912143
9183930
19531981
2691240
2422692
745633
1455643
9268981
9563557
506233
10696171
6068833
7647990
17871756
1701721
192283
7932673
6292573
1548781
2734063
11549802
6643506
17135461
71556
24181806
4509253
98910
22757671
8729071
25441
4163641
11045653
141001
23936556
16601551
412807
4445773
2394756
5501370
17871757
1655083
95791
483720
8326111
17871757
509082
3131131
2642250
2635753
545383
6643
18589033
23916990
2632506
7335973
24063931
1853682
15089341
4407900
408961
14996257
766500
2912143
163621
666673
359400
1257763
20462052
21349021
5733631
149383
24895111
7142256
17897131
17644201
5264730
750822
297571
11085571
9421831
19101271
1257763
1206702
3145303
10768243
15331141
13216860
11651983
17821063
1662811
18658080
2942941
18692652
1332870
1639680
63757
11761471
9238560
1733172
3274291
1521523
1171807
735306
3661
19241383
3491292
7703401
9843907
1878271
145543
10115580
5168802
10001407
13377307
22671882
2987712
18297006
335821
23799763
1027182
5946282
7083583
61752
777043
11333322
18477103
660156
12471493
1391220
8675971
6799057
42643
11940480
637603
17168593
14314872
15112657
1756950
6762601
14520
14337583
27061
22529263
4873057
16447081
18408391
20953507
17069293
2482200
1033273
17973361
1356060
367843
773521
4225081
14611506
19629331
248503
2488507
3581557
192282
17888671
7179721
1145971
609181
604506
16691310
13834681
23121672
19417243
13991341
12386880
3696007
117306
4650493
3317863
430993
7094232
8664193
9775002
3413256
981091
48181
17268181
7770157
84391
7335972
6951133
95172
16666806
10972657
8853601
18408391
784111
463
12662923
1484743
6068833
2593711
4163641
1244341
53592
24181
768252
6581790
245521
19162507
21953911
1889250
23916991
88506
18177433
2803951
863970
15488161
176821
13641943
1384153
7211911
19878222
10058412
23877882
17846400
12260503
3978030
4002001
401323
21404502
584460
11225850
63757
3661483
14421007
60763
8943091
9385032
21506407
18796561
6083622
1434007
12641581
14996256
922561
9843907
2162371
6888001
661782
20003257
11286240
6383203
250500
363007
5338411
1045506
955507
107257
138756
1460473
12598951
23799762
11570202
3307
2203740
11145583
304152
21183006
3050263
208392
2257
53593
5389363
17168592
23760751
15868272
13553443
9806292
2397853
1298461
15190506
178506
585991
18203023
1756950
14451402
13202322
345156
5403301
593670
1072260
719952
19904983
233773
60271
22235940
19267711
865830
15004003
4603171
9712573
142507
2118481
8517643
1148112
9843906
1122
21907081
22217083
3306943
14657412
452257
3711403
1319052
1139557
7786890
2124307
3306942
29412
1783561
10513807
9862741
849163
11232553
8699551
7019851
9982441
24705871
17556
15276373
39006
16422756
1678321
14428603
792990
162007
5743212
5829811
194923
4886311
22387092
16285261
945757
869556
12197556
12963600
17745157
184470
572293
47743
18735912
2351623
626473
6669307
20552623
483720
2671591
15964021
382542
6715873
22302006
1211101
24024702
14542783
24034507
20200531
1284823
11878362
3029340
12748471
852853
11816407
282493
14466613
1978243
24063931
18151860
509082
229921
3372733
14695723
5586132
8297280
12805663
245521
2622780
1349083
7384807
11611057
12634470
21201421
1558753
1566253
888306
154842
13151503
4032
173473
8675971
6078690
6108312
816313
9039042
400057
6172741
2416471
2348557
310807
1278031
1723
7287301
3067752
22207656
2734062
11192371
15948043
1813063
1005007
7078260
5849143
7921411
3184441
13752972
2269542
1634563
13775232
617011
9021013
20789041
164430
17871757
17998807
17619007
53593
9093240
91507
18632172
17193462
1616713
3604303
2891701
13807
12281521
725052
7271113
8383921
1528933
6684811
12662922
11025721
1460473
2284633
21907081
10992541
13333453
82657
1455643
4233307
1881013
2407152
348691
2652013
747361
6009853
4926181
2092363
11919757
4513501
314161
1499401
584460
467173
1388862
12684283
19949623
12365773
14520
8011
17610612
10774806
2773891
12485622
14261953
10058413
227052
2066406
9906756
7820413
814506
225150
13115263
11734051
8222557
4590306
20191543
1642243
689730
186192
576841
13173271
1033273
14903460
827191
7837201
7352233
3025860
22235940
2089470
202051
771763
8136756
279313
2054922
11899050
1639681
17557
11152260
24955020
2724151
1280293
5366173
681451
504810
8239771
17110633
3788863
6247500
3303307
5132491
7190443
106603
17085822
581407
9957181
6227521
5805691
11782056
18066750
893970
2037757
8693652
496320
12855811
18348373
4370191
5046763
19629331
14695723
2780557
13886802
576840
14111293
5033292
7158300
2141832
2101050
5849143
10972657
65280
8314573
24835273
3642373
899653
4807056
2348557
9039043
14201593
7870831
1388862
15323311
1045507
1405410
604506
17635801
12443257
156
1756951
20789041
18143340
19452510
17135460
18606283
814507
5805691
5417257
12155682
1995157
661782
1015057
16601550
15089340
43057
819930
2072160
9812557
838140
106602
13946491
8274252
7798057
5078263
9963493
141000
4611757
15750
21478591
7798057
5347656
87913
5762400
2558401
18692653
1187011
12044371
14405820
523453
1662811
4122931
756
617011
6840841
18770557
15066042
703
179352
346333
4754581
532170
4807057
23353057
911070
2834172
17518411
159600
11394001
9366661
1171806
2905321
750823
16479541
13115263
10500840
1492062
22443907
789432
18761893
7570753
5366173
24388782
4943953
5902470
178507
1171807
22633807
11557
218557
14201592
17069292
20843790
590592
1120422
9415692
23819280
18563173
14603862
20416843
325471
7631407
149382
446892
567762
5100823
9021013
10913113
205663
7587271
631231
2083693
3394807
3402180
93942
11843922
21127813
324330
21766891
5892757
875160
1053702
3517500
17736733
4386931
2665056
15206100
599851
20516371
1017072
17947933
3120523
5306112
21543522
2653
16430862
4220970
9238560
1886502
436260
7882056
3781081
22320901
4654806
20281512
9588312
2284633
1084723
3124057
24299970
10768242
9489481
24676056
735307
275101
1441201
1861861
4386931
2479050
99540
3608101
6935323
11252671
9003001
390001
4719756
2278591
4754581
16771
661782
16003
2568006
540960
187056
10559251
53130
4637563
6783420
6332772
13093543
5159713
3057252
540961
9075157
2407153
10533271
118681
13701103
18434143
21478590
2564802
3428052
11326591
298663
1384153
852853
14156406
1328256
13730730
882661
22104103
1837380
7504861
11651983
2188920
2037756
4904011
19949622
1244340
2435161
19075056
19075057
381307
19110013
6182682
4728451
12620256
360601
179353
7163653
1489621
10224007
841807
17619007
10768242
2652013
22958473
2127223
1246573
6063906
13064611
4437343
1551270
2203741
1325952
2564803
1506757
215760
7504860
8074123
8605423
6393313
8734981
6108313
1219921
11947393
424453
10972657
7142257
726757
3753907
10096507
7848403
23995302
6674472
3008490
9881593
10630860
6317683
452257
10715803
8558551
12176611
9123420
21201420
8967031
590593
1647373
12883
156420
127092
11346793
1632007
1788906
6940591
15685561
3922380
3942211
147073
11286241
263683
2507473
20434920
150157
763003
11072257
7287300
6187657
5873353
3863190
22443906
5403301
6352921
88507
5024322
5936533
15948043
934122
10403851
4754580
2810653
7714507
9712573
225151
2046331
2479051
23469181
9545010
181903
9129463
2491663
16003
2773891
127807
7067623
12748471
1477441
19285272
164431
2971
1823851
1325953
104653
6469393
10096507
35911
16374162
17168593
19136251
967273
5006407
13158757
22901010
8211091
4407901
17268181
24507451
8176740
5051257
8228293
23150532
17568672
16699482
1312171
7141
9129463
463080
19005241
19364400
24359161
12883
86731
821742
1264500
8877421
472656
1609092
1914073
22519771
22358713
6481
7636933
4912872
3227413
747361
3457740
2070
83233
726757
11679306
10326583
145543
10833973
20980981
1230990
4245660
228007
865831
4997460
6846072
24448081
3573991
13998822
10591771
2863
12662923
23819281
4420507
6846073
262657
194923
4824613
23150533
18502902
2482201
54523
6352921
1090980
4846603
100806
19682533
1278031
909163
2168257
536557
8051407
79243
222312
3688321
20880330
24616483
2023507
12535141
798343
6893251
151710
23907210
22872306
15135990
15828462
360601
5671543
2783893
5529553
19364401
24556980
9232483
8664193
12506833
6956407
10455523
4420507
1477441
2655270
12429150
5960923
3220231
16617853
773521
3120522
8176741
1727911
666672
1541323
23266153
12344683
1319053
926407
20272507
6182682
3528763
20191543
6474481
3540043
6481
1053703
24034507
14021280
17443153
7244172
9093240
15582756
19922832
24181806
6063906
40603
1141693
334662
5366173
18918151
6078691
13050157
14980771
7179720
49507
2568007
21201421
13304257
23131291
2248501
920640
170983
13267807
2653
3800551
6830382
134323
230880
5168802
1097256
5805691
7260331
23614741
10378063
1226557
2854410
38221
23877883
12769902
7770157
23469181
4114812
1551271
17939461
567763
4258033
6752202
4767673
1578793
74257
12485623
3439171
6840841
5182452
2536056
2780557
23731512
236683
67860
12422100
205662
275100
5019841
4706730
279313
14337582
931
5250973
12741331
8102563
2963562
17568672
15590653
328902
13752972
260610
17711473
11434543
83233
2998092
506233
1148112
6322711
17284807
74803
5700
14741761
24586723
24359160
15253
7647991
14957556
1864590
1823850
2655270
12591853
3274291
24142483
22662361
62250
3823981
9881593
14558040
20434921
838141
19188781
2584057
12232507
8500141
10893300
245521
1878271
2135983
10774806
13006842
11072257
21571381
24329556
1211100
5690611
301951
487902
22786302
4641870
16552693
3314220
11495490
67861
15213901
911071
222312
253513
3472632
2994630
14834053
9693882
3314221
2407153
22472341
450912
12570571
3078271
67861
3347070
20789041
371491
6489757
501973
9220332
23682822
4147333
28392
3391122
386262
1475010
16568971
371491
566257
5834640
15653893
886423
679800
23537053
4732801
17384731
5347657
446892
6443983
89701
73171
10077451
20652481
24024703
7915782
13752972
18511507
4970671
1741080
20281513
16447080
1619257
11617873
8471010
12956400
11772
13730730
5283102
15614352
28392
53130
23304756
20380711
21432271
1647373
7703401
9250723
3547573
3472632
2501142
24676057
98911
3604302
13195056
176821
14239303
14626800
1417290
5529553
18194491
19741
12429151
93943
161202
10378063
23391733
2994630
3541
9003000
1593907
2871331
1662811
5435893
1128907
7831602
371491
5118907
14888022
13465231
10474933
12211
949651
12662923
2171203
415381
2994631
756
216690
4471111
21757
17185170
19311631
1840093
15519660
2653
24865183
6128101
3468906
16577113
9700111
1237657
14888023
13071840
256543
14307306
311922
2321053
2413362
28057
23975713
14580943
1840093
13509300
19949622
11032363
17990322
2740681
6247501
8326111
254521
1103551
8743
1171807
1307592
523453
20146633
87912
15677641
1541323
4135123
6262507
10578757
535092
66822
1128906
10921
3347071
459007
19215073
21210631
5463907
5951160
254521
961381
1141693
22671882
14957556
22349256
5762400
23673090
24359160
2404050
136531
154843
1955803
11306407
24349291
7915783
24925057
17922523
5421913
219492
4551823
8193907
3502513
20443963
10134673
9731281
8074122
1964202
1148113
15511783
23208307
44311
7303506
1453231
4719757
9111343
19478983
19083793
7126231
19443691
589057
4062241
9495643
15042763
501972
10972657
8997001
189661
6736621
12113881
21118620
19136251
24152310
21738907
229921
14043757
17318082
325471
13723321
1367730
127093
16398450
939931
9421830
71023
21627151
8453556
63757
14383056
599851
13834681
3930307
10893301
3653832
1756951
10345873
370272
1815757
16164420
1148113
23916991
14281
248502
645613
27390
15401701
1460472
95173
5548381
378840
3285157
7537771
22614781
8136756
18041257
81511
13050157
287832
17409756
10071102
188791
3558883
1856407
8556
24616483
1325953
17110632
10058412
158802
12030493
9183931
10077451
20688852
3753907
589057
2734063
189661
517681
33307
216690
1360723
598302
2135982
18168906
462
1815757
7046371
757
922561
6024571
23257
1213303
1005007
7115557
2251501
450913
13946491
12169633
3665311
3839640
20362657
5662021
14246851
21339780
23073612
1187010
631230
9862740
13572
194923
9458701
1649940
10052071
2432041
21935173
3209473
15007
15582757
18356940
12239502
2003641
6287556
284622
16471422
147073
23016006
939931
16036020
16180506
6607471
1213302
16236871
17837952
11225851
5333790
12641581
15401700
16822303
10192056
225150
13953961
1097256
18228630
909162
10326582
371491
170982
1563751
13267806
1541323
865830
4715413
14383056
19417242
275101
279313
689730
1260006
2864557
110556
71023
1056
20254500
3134670
175981
3193
1360722
22891440
8871463
21450792
8931133
20798161
12358740
6337807
212982
4361833
104653
4732801
20065920
1360723
14178991
3650011
2915557
7820413
1981057
1511671
701406
52212
4423
454951
2342431
10611307
6068833
250501
3281532
8628907
4864231
18203023
1097257
11454841
691393
2435161
8806057
11495491
16422757
18589033
4249782
6597193
7352233
161203
202951
2622781
10814233
78121
2800603
14284620
20543557
20852923
24359160
24497550
10115581
7870831
4188163
12677161
18220092
4445772
21460057
21265933
1133160
1353732
1845523
1178310
13108020
2071
1333
6597192
20679756
8488483
10052070
305257
4997461
10676557
32220
2830806
3424350
5700156
5501370
31507
4324320
6856543
882661
12762756
12169633
15237312
23936556
9944563
19083793
21173803
5296903
13797511
6545923
4433130
18944256
1634562
9268981
222313
585991
4030057
5907331
18360
49063
4992990
631231
1806
10670023
6322711
6163
16495783
23092831
13745556
585990
18761893
22292563
23246863
6393313
11802661
1624351
22576752
4054182
12023557
5951160
403861
5662021
14261953
16642320
1526460
4912873
15748992
2912142
390001
22462861
6669307
332353
1735807
4957302
14634451
1438801
13572
949651
2115571
45583
12898873
13857006
9129463
16325640
5132491
2109756
454951
14926633
12791352
2203740
1783560
16212703
8085493
93942
171811
1109863
1634562
448230
1076406
16568971
15066042
121452
12719922
19851481
852853
16188552
6861781
5590861
23121672
14810953
265740
11823283
1528933
251502
17160307
628057
31152
1029210
1128907
12316591
8314573
12148710
1103551
4361833
174307
4412100
1126783
2987713
22605270
2510641
18614911
10204831
1533883
10728901
11782057
14926632
19789153
13767810
21599257
2293710
814506
841807
22614781
15229507
1997983
11885256
22491306
5676307
188790
2491662
15924091
15276373
1460473
2293710
129240
2671591
1897507
20389741
6007
16204651
22700461
2180053
19523143
24329556
378841
53592
17888670
1807
311923
8997001
2710962
19735806
4122931
4382743
57360
6217543
14741760
1751652
6924792
20164591
386263
9700111
1969813
22066507
945757
16863343
13042932
5417257
16920882
6423691
56407
16309482
8817930
1845522
7401121
416671
18092263
2830807
2014981
5791243
20990143
90
11185681
3696007
9293353
1082641
11313133
5887903
45157
8570256
17019751
17318083
3173743
5946283
2032051
2101051
3184441
15772813
819930
2501143
24507450
8859553
1047553
506233
609180
17593831
12812820
691393
11454840
12634470
4719757
207481
4462657
442891
14672731
19241383
5209807
253513
1360722
2150623
4745863
6877507
19241383
115260
23102442
5529552
22500793
6721056
8967030
1200120
9569743
7657
3661
1483
109231
1360723
162007
2545620
4412101
18143341
4732800
281431
4282830
1017072
10052071
20607061
509083
13224133
18360
22500793
26406
2603383
22529263
430993
4370191
56407
7110222
71557
963343
1217713
22614780
14360311
16108183
24005101
216691
1293907
1894753
6793843
8646540
18996523
282492
5975581
29071
1870057
405132
10281643
15167131
150157
196693
6307633
228006
522007
74803
2750623
13886803
363007
78120
14626800
20880330
10262412
893971
5228082
11205757
1571263
3483823
7466557
4126993
3696007
24388783
13701102
1312170
3711403
16773120
14428603
12009691
24616482
1783561
7067623
1521522
11454840
19057591
14703390
11597431
1922383
135792
3457740
40603
10946173
1864590
36672
169332
13245961
54523
20880
726756
3483822
22671883
9268980
1749006
16188553
43891
24201481
2783893
8576113
1015057
5046762
589056
8453556
5921922
9919351
10598281
13909171
3285156
13708507
1211100
456301
16896211
23035200
17193463
1072260
12337657
2925811
1756951
7898911
6413557
22650
10513807
179352
10598281
4811443
11353531
5310721
2901913
10153783
3827892
5800873
8979012
4952851
400057
298663
22519770
24270403
6024571
19638193
2197807
5506063
7983451
567763
235711
142507
24556981
2587272
8228293
1601491
17143741
14360311
12698533
20871193
9887881
9843907
17568673
442891
19611613
23507953
8291521
7603807
338142
3328801
11556601
5278507
860257
2118480
9238560
17484943
19005240
7147603
8006071
10715803
7206540
393756
21682993
660157
830833
14521
7390243
20092807
3676806
419257
8907241
12337657
23469181
161202
21460056
701406
2127223
18918151
366630
2526511
295392
7142257
1686102
8541007
567763
5892757
10578756
645613
17973361
8482657
21850950
7482961
21506407
19709161
8788261
1388863
3823981
4992991
509083
15135991
22987230
18399810
609181
9202123
16512
12232506
23257
17795742
16228812
757771
4324321
24537163
11130
4026042
18459912
13619791
7163652
1563750
71022
11488710
880783
14292181
40603
6227521
22235941
16228813
4320163
328902
10893301
5087281
1224343
15237313
1889251
56406
15756931
8349211
8871462
4135123
8628906
352243
1053702
12655807
452257
202951
17568673
292140
5980471
6093493
16838713
6530580
14171461
8153880
2734063
110557
11252671
1470157
1078483
13006843
4299402
8191
20990142
13501951
2783893
9440257
12883
1894753
1616712
24181
4462656
18228630
5283103
22387093
6576661
93331
871423
19188780
54991
156421
12044371
23682823
9887880
3847483
955507
1116192
4641871
174307
14611507
2820721
517680
3978031
22434433
16012002
29412
307
852852
16617853
8552701
1116193
6700333
17888671
11782056
12232507
291060
14634451
704761
731881
7488433
129960
2150622
2239513
15417403
396271
7603806
22019557
725052
1720033
514807
3696007
8412900
4807057
5873353
1526461
69960
77563
9093241
6793842
6830383
18049752
5858821
5006406
15948042
10300891
15756931
12791353
12106921
13435890
8395507
10077451
4551823
4407901
157
2453923
15120433
291061
19022683
17686231
8895306
18203023
20353633
278257
158803
18761893
34783
8877421
17468221
17745157
4772041
7854006
15964020
827190
44311
61753
17011501
79806
14383057
4074343
4628953
1178310
17990322
6767802
24705870
17973361
10696171
22529262
2014981
131406
366631
623311
1980
14520
13807
3812257
16912657
1076407
21210631
12176611
3249007
1398307
11577007
22614781
2891701
1078482
706441
768252
17468220
10172911
1017072
17036256
22377630
444223
1171806
1725283
5849143
14066250
2803951
14611507
109230
17185171
4307701
23829043
20443962
3688320
19364400
22217082
23266153
4603171
2710963
750823
14224213
1264501
187056
181902
113233
549823
2135983
5223511
459007
22662361
23478871
2655271
14126323
15089341
13108020
6172740
3336103
7174363
5361541
4641870
33307
3306
11205757
979110
3540
5168803
763003
15006
10320156
598303
2545621
338142
17160306
3317863
858403
10128307
9232482
66823
1720033
9600703
621733
19183
116623
16398451
1298461
12784201
24895111
22500793
20092807
16108182
22948891
9768750
576841
3184441
1167480
21293611
18151861
14973031
11065603
836310
14451403
132
21008473
1791583
5269321
17914056
331200
2257
3141757
9625507
2912142
479557
6423691
3231007
7837201
886423
5292300
31
5380080
227052
8557
694723
3015433
2385481
9787513
1655083
6935323
745633
5187006
15630162
666673
23556462
1009020
147840
348691
13531363
14337582
617011
119371
24895111
1363057
285691
2488506
8430312
10268820
821743
1483
21738906
2269543
4151407
450913
88506
2089470
4611756
14649756
91
12762757
257557
18996522
9415693
3328801
1548781
16520160
6272521
4970670
21395251
15299833
3604302
9681433
11961222
2168257
8211091
3730692
504810
17393071
24448081
10071102
920641
4225080
133591
2357761
10204830
235710
74803
3942211
4233307
396271
1356060
260611
14588580
297571
304152
3227413
9963493
3325153
711493
8193906
18305563
17787307
4577460
903451
497731
3413257
228006
14565672
5283103
15685560
1217713
1528932
282493
24775507
3457741
838141
1273513
5633503
2613073
21349021
357007
3906552
3314220
3008490
17493307
2912143
20083843
703
79807
124963
21673681
3274291
20146633
7466557
5671543
17259871
3665311
5762401
10728901
6982807
20056963
15089341
4767672
2260512
17168593
2516983
4534771
11570202
150156
13701102
21256711
8482656
16513
558757
6024570
19311630
17888670
10281643
392503
7631407
1135290
2963563
14043757
10243201
3192
21850951
19031407
4560360
31153
35533
20362657
3608101
310807
6669307
2864557
423151
132
7292700
335820
16204651
10650433
1332870
3661482
4526257
731880
2168257
16764931
462
510511
6187657
4551823
18839940
12253501
16945573
540961
1116193
1686102
920640
79807
1033273
5223510
696390
6123150
15346807
4509253
1701720
3562656
5671542
5278507
19452511
9177871
2740681
106603
23848573
19478983
13767811
1349082
1410157
1981
5146093
821742
211141
1506757
1273513
450913
22651
21589962
1021110
23946343
943813
11072257
1395943
21118621
3753906
1021110
9925651
4522003
11454840
232806
1578792
57841
19949623
2942940
3907
23965921
12232507
1477441
77562
3057253
7488432
7786890
1964202
120756
8291521
71022
1441200
8889342
7335973
5324557
9360541
4745863
100807
1670556
14957557
24211321
1109862
1536361
23189040
3216643
17914057
15661806
1211101
10071103
20272506
84973
10474933
4758942
10384507
1078483
22872307
1367731
2153556
6825157
23160157
10166533
1431612
479557
5873353
20625223
12684283
334663
509083
42
2854410
14580943
5515453
11577007
224203
11981983
12155683
8205361
16887991
2171203
5960923
12934813
335821
43057
13568172
18408391
10358742
24705870
12805663
1321351
589057
23295102
18220093
5633503
20092806
24299970
50400
154842
83233
7488433
7335973
2526511
12106921
18425556
14695723
6262507
10853731
19267710
3008490
6700332
9750007
13864453
3954133
229920
1596433
18770557
265740
1161007
15004003
10109221
22377631
23877883
18477103
1363057
805507
19896061
6232513
211
15844381
18374083
2539242
1543806
1680912
1405410
9434113
35911
2932657
11454840
14013793
4654806
403860
5520151
4307700
224203
154057
5534257
20607061
320923
1845523
452257
178507
10262413
11125561
15750
981091
1360722
2520157
428371
23566170
6715873
2150622
2862
353431
12855810
108571
9202122
4693723
1831962
10985910
9906756
211140
7260331
2242507
16325641
9051073
14880306
20092806
348690
5223511
5647752
192282
6612612
32221
4785157
1426831
6113256
2057791
4637562
6700333
1686102
10533270
6398370
12684283
14857171
479557
13509300
12684282
1063993
13678903
4979593
12492691
131407
5571961
3882871
17110633
2092362
1997983
2185962
771763
1273512
9196057
244531
253513
5324556
95790
17019751
7142257
18606282
18126306
13909170
20434921
742183
17762011
468541
20688852
156
304152
10358743
4833403
3328801
1673143
7482961
4233307
9957181
1955803
14013793
7499382
14949823
12211531
21991411
18451321
12942007
342810
1489621
9831361
161203
5250973
15948043
291060
800131
3894703
5936532
5628757
4374372
17168593
11407506
1611631
12065203
16962043
15653892
13111
113232
1431613
2348557
15135990
11245962
430993
10211221
9588313
11212452
2803951
91507
8191
1796940
10052071
9731280
1448412
420553
2548813
1905781
2305842
11529421
18907
23585593
3551341
228007
2260513
467173
9812557
5534257
1278030
3292411
462
8136757
15709333
7548757
50400
18126306
156420
3707551
809101
45582
10442593
6272521
111223
5073756
2305843
2915557
7781311
13998822
617011
16797703
16212703
99541
186193
1484742
863970
22987230
3394807
20380710
23673090
4370190
1171807
7532280
3099361
100807
7653522
18151861
23131290
903451
4038091
8658307
11823283
87912
22605271
886423
1063992
4320162
9141553
22700461
20218512
9693883
20173572
10134673
575323
58806
9619303
5375443
6778212
2416471
3765540
241
10416756
21091056
8274253
16995007
5338410
7887673
2162371
2720850
1398306
7598293
1701720
4233306
5643000
12705661
16495783
16116211
14772492
6262507
9656557
405133
836311
7373940
665041
440233
64771
16691311
20443962
133590
4560361
17434801
4163641
11012442
91506
1741080
4311853
1253281
14973031
9919351
5829811
4042111
21118620
4693723
8913211
8326111
15253
242557
14580942
345157
23946343
6398370
1184833
1749007
21293611
22776757
221371
3209473
2905321
4831
7390243
1504303
248503
37057
19958557
14261953
12253501
40603
814506
15519661
589056
40603
288907
2302807
8743
3109932
11617872
1688701
1506757
4282831
5733631
17036257
5487306
23673091
8640661
54523
93943
8274253
522007
7898911
21423013
5586133
5657262
1743721
9287257
183613
72
3018906
763003
13879351
7287301
11252670
20039052
2049193
5473260
899653
79243
8006071
3859261
16771
3380083
1381800
9003001
224202
1120423
20597982
1657657
1815757
11899051
75901
17736733
3252613
1204507
8895307
23440122
535093
9675210
11864581
18511506
598303
4793911
19904982
8961043
5748007
2810653
118681
1158853
23469181
103363
6684810
311922
726756
54991
23295102
5701
871422
18632173
79807
174306
5264731
6172741
8800122
18279901
8108257
19057591
4488043
112560
5435893
1342122
22122912
3907
1688700
1321350
5283103
23246863
10847143
6622903
20926051
2413363
187057
8640661
11152260
260611
1845523
1709557
17334733
999000
7803643
517681
9925651
23848573
4488042
2596932
6054061
1796941
3457741
60762
2046331
23965921
3231006
411523
30451
6856542
1213302
4445773
19851481
18168907
21850950
125670
784111
1412533
5389363
4139190
22245372
428370
13857006
4299403
12978007
567763
8746807
2256
8383921
20380711
7094233
19285273
12549307
11816407
4539030
23770500
12337657
456301
1484743
4611757
12805663
54991
6622903
74257
10416757
1634562
44310
15685560
2425807
752557
6167773
3358057
810900
4014013
13487257
93942
9458701
17443153
2388571
21562093
2548812
4745862
12748471
5643001
957462
8505972
30450
1260
1097257
8274253
7417453
18041256
10827391
14330010
12741330
2242507
218557
15004002
7581763
2884902
576841
12634470
349873
24715813
95173
15472423
6232513
9869023
15042762
173473
10847143
9123421
871
21460056
9843907
4050157
3847483
11266093
8806057
3954133
23946343
11185680
1519057
23877883
189661
1504302
18658081
3851407
20245501
104653
34410
6903757
169332
460362
2124307
9202122
832657
9051073
18090
500556
11212453
23556463
6443982
6966961
1680913
82657
46873
24715813
13435891
175981
16044031
158803
18907
17711472
19985371
266773
9214260
6736621
10715802
16204651
10243200
311923
20953507
14398231
12051312
4539030
120757
2370060
2635753
21879007
8681863
69433
34783
1767571
3402180
12379843
669942
353431
886423
13501950
25440
991021
9600703
6232513
2029201
18041257
14535157
2063532
10474932
295392
12176611
133591
5292300
1367730
66823
8967030
2242507
171811
4577461
4793911
7955221
21794892
7656
4208652
24885132
598303
22748130
222313
7406562
5200680
11414263
7163652
14352733
7142257
2463331
19824757
514807
6302611
1424443
17846400
7140
4135123
1578793
480943
18658081
1558753
4547557
14246850
4386931
945757
16674973
8176741
4846602
127807
23936556
4282830
14926633
2953243
2922391
5100823
1467733
909162
2221590
9806293
10637383
2257506
11885257
13071841
5256
22160557
4864231
18408391
134322
2704381
14787870
2049193
1017072
18606283
2278591
16398451
17888671
222312
6287557
138012
11590620
617011
8823871
464443
11754613
405133
187057
2469612
13487257
72630
6581791
22245372
17518411
22786302
8349211
12337657
6113257
3314220
2616307
3812256
282493
21682992
3092323
29413
827191
281431
11292961
1219921
19183
179353
15004002
7406563
23256
65281
241573
149383
666673
2603383
7781311
827190
115261
285691
11536212
5403301
16471423
3394807
9843907
19110013
993013
8222556
8142463
259591
22862743
23092831
13842121
4295257
175980
15709332
10320157
2539243
1446007
9275070
13864453
216691
23760751
1253280
794773
15229507
5250973
655291
579883
9526483
1005007
5417256
16814101
19075057
20308543
295392
23035201
4311853
21682993
4577461
23995303
1551271
7949581
463080
19771363
4332642
3502513
106602
60763
18511507
18485700
3155953
24765553
20110741
10014060
10416757
10096507
14787871
5700157
8153881
3227413
8711353
285691
2260512
4282831
13129753
7142256
4680733
107257
3922380
1363057
17669412
149382
6669307
23682823
18813907
3517501
3457741
24142482
11407506
8000413
21349021
10307310
579882
5690611
7222656
23614740
731880
7653522
19691407
22805401
13021273
8675970
23266152
1284823
322056
6202591
735306
1460473
2141832
877032
2135983
11112223
15143773
22643323
849163
9250723
7131570
12655807
8142463
18399811
575322
18944257
4831
19896061
3078271
2891700
22066507
8800123
24329557
11773
18228631
750822
3457741
13216860
13487256
5352282
13568172
11252671
15780756
21710941
9275071
3630931
10442592
4526257
216691
1551271
1412533
4851006
3592921
68383
7287301
452257
151711
21450793
6469392
2162370
4864230
10735453
12535140
328902
6332772
23469181
197581
3025861
3163063
5619270
1367731
830832
84390
16503906
14810953
102721
24765553
809101
22920157
7620360
479557
124962
12422101
3495031
4939507
5633502
18900757
23304757
21210631
7078261
10906506
20734362
9196057
479556
113233
20039053
2144761
14973030
2803951
1470156
216691
420
14337582
55933
8193907
186192
4500763
14148883
1041421
1070191
15653892
4966213
19110013
5278507
2507472
8611290
20789041
1581307
300853
4295257
10591771
6083623
8853601
9963493
24985003
570781
3446592
14383057
12429151
21682993
5849142
1911307
6956407
4307701
10992540
3109932
7636932
11025720
23035200
21907081
15535422
318661
11313132
15988002
2501143
169332
400056
10052070
3596712
17557
19136251
17568673
359400
20218513
496320
725053
903451
1581307
2482200
12784201
12148710
1180482
2257507
510510
8190
5006406
24626407
11857693
9069132
17185171
342
279313
9305550
10320157
20852923
14911183
191407
1853683
9397290
5100823
23362723
20980980
865831
15299832
23064007
370273
20056963
757770
1804993
10378062
273007
15709333
553
4311852
23936557
892080
100807
14649757
415381
288907
3627121
2529691
1291633
1381801
9220333
836311
97033
1712172
2432040
16666807
416671
6840841
21850951
18203023
11631510
7078260
448231
213907
626473
2071
10147411
5182453
9919350
14443801
23527350
522006
22650
18744570
23102443
11434543
467173
408961
590593
1665391
871
8191
18382656
8913211
5182452
3113461
1889251
2851033
787656
24408540
1403041
1504303
23064006
324331
10833972
18907
3592921
6951133
14926633
13348062
371491
2197807
12791352
5743212
353431
5033292
561751
4208653
18918151
13369992
6721057
11448073
8646540
16188553
8349210
17661006
3781080
561751
5917056
13775233
8482657
16520161
124963
23682823
428370
5403301
618582
4496520
9165757
415381
5701
4837801
54523
10650433
23440123
628056
86730
18926850
5829811
348690
23537053
10243200
2212656
7357657
229920
54990
93331
9569743
6227521
1204507
104653
1211101
18926850
15535422
6232512
827191
7238791
3402181
28393
105301
14398231
41413
1298460
21155401
17193463
24438193
6561283
241573
199362
81510
2830807
557262
38221
8823870
18360
307
6919530
2230543
20734362
13311552
17193462
8782333
2653
23382061
676507
181050
282493
8871462
2491662
23440122
2221590
8057082
20679756
8752723
18502903
12450313
23044801
21617851
860256
15019501
1200121
535093
1287090
11185681
897757
1482307
20898612
43891
15253
1173973
1588860
711493
5936532
14634451
1886502
6481
5389363
1596433
721651
5728843
297571
4462657
5701
1961400
1953006
46441
642402
1616713
676507
3906553
12577663
15120433
631230
250501
186192
523453
2603383
24005101
9159703
1011030
2814006
7854007
20380710
8349210
215761
1556257
1496952
23006412
932191
3792757
17243257
8085493
143263
20597982
8430313
308580
11816407
10617823
6658981
3804451
4086463
1148113
24492
557263
54990
4624651
10455522
2388570
18143341
1120422
1511671
5690611
9862741
20935201
242556
15804601
1266751
12210
16398451
17770441
3480091
1558752
18361
1548780
78120
6545923
711492
1573771
259591
2734063
2070
11919757
24063930
22958472
24113011
6054061
15519661
17292
1273513
961380
557262
7174363
8717257
1649940
22406023
1492062
14657412
19740
162007
1536361
20843791
17085823
773520
18485701
7921411
17011501
1325953
9471007
7854006
768252
21091057
3457741
23304757
16912657
9105306
1141693
4997461
1499401
7406563
4741507
3757782
3630931
3540043
2066407
740461
21729583
1088893
2851033
150157
4126993
12577662
3699853
10847143
15940057
222312
803713
5917057
6809491
2133060
6530580
527802
937992
2248500
2874720
18168907
3540043
14795562
14337582
10358743
8331882
6814710
14148883
11065603
5417257
1053703
1807681
11651983
9806293
21589963
10262413
9750007
7094232
74256
151711
248502
14474220
19232611
24626407
1725283
1122540
20003257
6474480
1701721
9768751
11112222
5114382
278257
18640807
38221
17118906
17745156
1180482
3120523
20164591
1723
18770556
16863343
11131
14603863
8257002
9075157
545383
4233307
265741
5463907
645612
91
4970670
40603
20716152
9069133
11816407
1003002
3638557
1377103
6653820
14360310
29413
8326110
12827142
10847143
22920157
3413257
5146093
1796940
747360
6408492
14148883
21173803
7565251
22188811
10506
6034393
22843621
4282830
2970
10211221
34411
16180507
530713
16188552
21238273
156421
3730692
19655922
10358742
15630162
8436121
880783
6489757
3339757
2098153
10873507
2482201
4719757
2339371
21321307
7078261
2626021
3676806
626473
19285273
3057253
14634451
17518410
16724010
2257507
124962
1213302
10921
278256
12662923
24319693
353431
6597192
1224343
12051313
24885133
197581
4706731
24835273
18143340
1712173
18425556
8623033
10192057
16771
821743
18024271
1039380
21953911
1191373
23965920
22075903
2973901
9551191
21423012
14375473
12513907
5445222
3480091
19851481
7820413
5064750
1897507
4412101
4370190
5586132
54522
655291
2963562
3152401
7455631
23420760
961380
15661806
1226557
2248500
20707051
11085571
20083842
131406
9563557
20852922
19896060
11761471
13064610
22462860
13807
5241811
11885257
8418703
14911182
4926181
561750
2743993
15630163
370273
1889251
111223
609181
2555203
17094090
154057
782341
2432041
119371
1066057
4159560
1467733
13546081
5228083
20056963
8153881
15307656
22094701
16495783
7067623
1300741
4139191
4846602
4488043
24646261
12762756
9111343
22038331
3314221
15252931
1504302
2987713
4611756
405133
13924093
3898651
8505973
20146632
24885133
4886310
14066251
18848623
22586257
45582
1097256
1704330
24925056
6530581
7163653
6799057
12934813
20688853
14626801
1066057
897756
16699483
79242
221371
17770440
250501
386263
6428761
1305307
8841702
17293
12253501
15073806
6227520
7466557
11085571
232807
2185963
16060057
20661570
19735806
8176741
199363
9532657
6398371
174307
22729056
16108183
273007
19655922
5700
17736733
2694523
135793
8000412
2425807
539491
11185680
8401303
74802
23563
5557807
129240
5633502
24735703
14489443
4522002
1484742
19478983
20743470
1015057
10847143
2671591
19744693
5431231
6830382
8823871
20881
16204651
13797510
23653633
250500
24646261
7260330
726757
931
2994631
631231
1412533
8245513
5902471
1571262
24438193
419256
16846921
15488161
10906507
6172740